67 75 76 83 41
18 47 68 5 48
13 78 88 80 85
73 17 60 54 87
6 100 4 72 22
65 32 33 51 99
58 12 11 2 36
52 95 27 43 63
59 61 94 92 96
91 86 24 53 57
31 89 1 15 64
8 34 84 19 93
20 79 3 37 38
62 49 26 14 97
29 81 66 30 55
74 21 39 69 7
77 70 16 46 90
10 44 71 56 40
23 82 28 35 45
98 42 25 9 50
60 92 68 2 17 100 73 6 42 44 98 12 40 91 11 22 10 27 80 35 79 69 70 72 95 24 88
60 92 68 2 17 100 73 6 42 44 98 12 40 91 11 22 10 27 80 35 79 69 70 72 95 24 88
60 92 68 2 17 100 73 6 42 44 98 12 40 91 11 22 10 27 80 35 79 69 70 72 95 24 88
60 92 68 2 17 100 73 6 42 44 98 12 40 91 11 22 10 27 80 35 79 69 70 72 95 24 88
60 92 68 2 17 100 73 6 42 44 98 12 40 91 11 22 10 27 80 35 79 69 70 72 95 24 88
60 92 68 2 17 100 73 6 42 44 98 12 40 91 11 22 10 27 80 35 79 69 70 72 95 24 88
60 92 68 2 17 100 73 6 42 44 98 12 40 91 11 22 10 27 80 35 79 69 70 72 95 24 88
60 92 68 2 17 100 73 6 42 44 98 12 40 91 11 22 10 27 80 35 79 69 70 72 95 24 88
60 92 68 2 17 100 73 6 42 44 98 12 40 91 11 22 10 27 80 35 79 69 70 72 95 24 88
60 92 68 2 17 100 73 6 42 44 98 12 40 91 11 22 10 27 80 35 79 69 70 72 95 24 88
60 92 68 2 17 100 73 6 42 44 98 12 40 91 11 22 10 27 80 35 79 69 70 72 95 24 88
60 92 68 2 17 100 73 6 42 44 98 12 40 91 11 22 10 27 80 35 79 69 70 72 95 24 88
60 92 68 2 17 100 73 6 42 44 98 12 40 91 11 22 10 27 80 35 79 69 70 72 95 24 88
60 92 68 2 17 100 73 6 42 44 98 12 40 91 11 22 10 27 80 35 79 69 70 72 95 24 88
60 92 68 2 17 100 73 6 42 44 98 12 40 91 11 22 10 27 80 35 79 69 70 72 95 24 88
60 92 68 2 17 100 73 6 42 44 98 12 40 91 11 22 10 27 80 35 79 69 70 72 95 24 88
60 92 68 2 17 100 73 6 42 44 98 12 40 91 11 22 10 27 80 35 79 69 70 72 95 24 88
60 92 68 2 17 100 73 6 42 44 98 12 40 91 11 22 10 27 80 35 79 69 70 72 95 24 88
60 92 68 2 17 100 73 6 42 44 98 12 40 91 11 22 10 27 80 35 79 69 70 72 95 24 88
60 92 68 2 17 100 73 6 42 44 98 12 40 91 11 22 10 27 80 35 79 69 70 72 95 24 88
60 92 68 2 17 100 73 6 42 44 98 12 40 91 11 22 10 27 80 35 79 69 70 72 95 24 88
60 92 68 2 17 100 73 6 42 44 98 12 40 91 11 22 10 27 80 35 79 69 70 72 95 24 88
60 92 68 2 17 100 73 6 42 44 98 12 40 91 11 22 10 27 80 35 79 69 70 72 95 24 88
60 92 68 2 17 100 73 6 42 44 98 12 40 91 11 22 10 27 80 35 79 69 70 72 95 24 88
60 92 68 2 17 100 73 6 42 44 98 12 40 91 11 22 10 27 80 35 79 69 70 72 95 24 88
60 92 68 2 17 100 73 6 42 44 98 12 40 91 11 22 10 27 80 35 79 69 70 72 95 24 88
60 92 68 2 17 100 73 6 42 44 98 12 40 91 11 22 10 27 80 35 79 69 70 72 95 24 88
60 92 68 2 17 100 73 6 42 44 98 12 40 91 11 22 10 27 80 35 79 69 70 72 95 24 88
60 92 68 2 17 100 73 6 42 44 98 12 40 91 11 22 10 27 80 35 79 69 70 72 95 24 88
60 92 68 2 17 100 73 6 42 44 98 12 40 91 11 22 10 27 80 35 79 69 70 72 95 24 88
60 92 68 2 17 100 73 6 42 44 98 12 40 91 11 22 10 27 80 35 79 69 70 72 95 24 88
60 92 68 2 17 100 73 6 42 44 98 12 40 91 11 22 10 27 80 35 79 69 70 72 95 24 88
60 92 68 2 17 100 73 6 42 44 98 12 40 91 11 22 10 27 80 35 79 69 70 72 95 24 88
60 92 68 2 17 100 73 6 42 44 98 12 40 91 11 22 10 27 80 35 79 69 70 72 95 24 88
60 92 68 2 17 100 73 6 42 44 98 12 40 91 11 22 10 27 80 35 79 69 70 72 95 24 88
60 92 68 2 17 100 73 6 42 44 98 12 40 91 11 22 10 27 80 35 79 69 70 72 95 24 88
60 92 68 2 17 100 73 6 42 44 98 12 40 91 11 22 10 27 80 35 79 69 70 72 95 24 88
60 92 68 2 17 100 73 6 42 44 98 12 40 91 11 22 10 27 80 35 79 69 70 72 95 24 88
60 92 68 2 17 100 73 6 42 44 98 12 40 91 11 22 10 27 80 35 79 69 70 72 95 24 88
60 92 68 2 17 100 73 6 42 44 98 12 40 91 11 22 10 27 80 35 79 69 70 72 95 24 88
60 92 68 2 17 100 73 6 42 44 98 12 40 91 11 22 10 27 80 35 79 69 70 72 95 24 88
60 92 68 2 17 100 73 6 42 44 98 12 40 91 11 22 10 27 80 35 79 69 70 72 95 24 88
60 92 68 2 17 100 73 6 42 44 98 12 40 91 11 22 10 27 80 35 79 69 70 72 95 24 88
60 92 68 2 17 100 73 6 42 44 98 12 40 91 11 22 10 27 80 35 79 69 70 72 95 24 88
60 92 68 2 17 100 73 6 42 44 98 12 40 91 11 22 10 27 80 35 79 69 70 72 95 24 88
60 92 68 2 17 100 73 6 42 44 98 12 40 91 11 22 10 27 80 35 79 69 70 72 95 24 88
60 92 68 2 17 100 73 6 42 44 98 12 40 91 11 22 10 27 80 35 79 69 70 72 95 24 88
60 92 68 2 17 100 73 6 42 44 98 12 40 91 11 22 10 27 80 35 79 69 70 72 95 24 88
60 92 68 2 17 100 73 6 42 44 98 12 40 91 11 22 10 27 80 35 79 69 70 72 95 24 88
60 92 68 2 17 100 73 6 42 44 98 12 40 91 11 22 10 27 80 35 79 69 70 72 95 24 88
60 92 68 2 17 100 73 6 42 44 98 12 40 91 11 22 10 27 80 35 79 69 70 72 95 24 88
60 92 68 2 17 100 73 6 42 44 98 12 40 91 11 22 10 27 80 35 79 69 70 72 95 24 88
60 92 68 2 17 100 73 6 42 44 98 12 40 91 11 22 10 27 80 35 79 69 70 72 95 24 88
60 92 68 2 17 100 73 6 42 44 98 12 40 91 11 22 10 27 80 35 79 69 70 72 95 24 88
60 92 68 2 17 100 73 6 42 44 98 12 40 91 11 22 10 27 80 35 79 69 70 72 95 24 88
60 92 68 2 17 100 73 6 42 44 98 12 40 91 11 22 10 27 80 35 79 69 70 72 95 24 88
60 92 68 2 17 100 73 6 42 44 98 12 40 91 11 22 10 27 80 35 79 69 70 72 95 24 88
60 92 68 2 17 100 73 6 42 44 98 12 40 91 11 22 10 27 80 35 79 69 70 72 95 24 88
60 92 68 2 17 100 73 6 42 44 98 12 40 91 11 22 10 27 80 35 79 69 70 72 95 24 88
60 92 68 2 17 100 73 6 42 44 98 12 40 91 11 22 10 27 80 35 79 69 70 72 95 24 88
60 92 68 2 17 100 73 6 42 44 98 12 40 91 11 22 10 27 80 35 79 69 70 72 95 24 88
60 92 68 2 17 100 73 6 42 44 98 12 40 91 11 22 10 27 80 35 79 69 70 72 95 24 88
60 92 68 2 17 100 73 6 42 44 98 12 40 91 11 22 10 27 80 35 79 69 70 72 95 24 88
60 92 68 2 17 100 73 6 42 44 98 12 40 91 11 22 10 27 80 35 79 69 70 72 95 24 88
60 92 68 2 17 100 73 6 42 44 98 12 40 91 11 22 10 27 80 35 79 69 70 72 95 24 88
60 92 68 2 17 100 73 6 42 44 98 12 40 91 11 22 10 27 80 35 79 69 70 72 95 24 88
60 92 68 2 17 100 73 6 42 44 98 12 40 91 11 22 10 27 80 35 79 69 70 72 95 24 88
60 92 68 2 17 100 73 6 42 44 98 12 40 91 11 22 10 27 80 35 79 69 70 72 95 24 88
60 92 68 2 17 100 73 6 42 44 98 12 40 91 11 22 10 27 80 35 79 69 70 72 95 24 88
92 60 68 2 17 100 73 6 42 44 98 12 61 40 91 11 22 10 27 80 35 79 69 70 72 95 24 88
92 60 2 17 100 73 6 42 44 98 12 61 40 91 11 22 10 27 80 35 79 69 70 72 95 24 88
92 60 2 17 100 73 6 42 44 98 12 61 40 91 11 22 10 27 80 35 79 69 70 72 95 24 88
92 60 2 17 100 73 6 42 44 98 12 61 40 91 11 22 10 27 80 35 79 69 70 72 95 24 88
92 60 2 17 100 73 6 42 44 98 12 61 40 91 11 22 10 27 80 35 79 69 70 72 95 24 88
92 60 2 17 100 73 6 42 44 98 12 61 40 91 11 22 10 27 80 35 79 69 70 72 95 24 88
92 60 2 17 100 73 6 42 44 98 12 61 40 91 11 22 10 27 80 35 79 69 70 72 95 24 88
92 60 2 17 100 73 6 42 44 98 12 61 40 91 11 22 10 27 80 35 79 69 70 72 95 24 88
92 60 2 17 100 73 6 42 44 98 12 61 40 91 11 22 10 27 80 35 79 69 70 72 95 24 88
92 60 2 17 100 73 6 42 44 98 12 61 40 91 11 22 10 27 80 35 79 69 70 72 95 24 88
92 60 2 17 100 73 6 42 44 98 12 61 40 91 11 22 10 27 80 35 79 69 70 72 95 24 88
92 60 41 2 17 100 73 6 42 44 98 12 61 91 11 22 10 27 80 35 79 69 70 72 95 24 88
92 60 41 2 17 100 73 6 42 44 98 12 61 91 11 22 10 27 80 35 79 69 70 72 95 24 88
92 60 41 2 17 100 73 6 42 44 98 12 61 91 11 22 10 27 80 35 79 69 70 72 95 24 88
92 60 41 2 17 100 73 6 42 44 98 12 61 91 11 22 10 27 80 35 79 69 70 72 95 24 88
92 60 41 2 17 100 73 6 42 44 98 12 61 91 11 22 10 27 80 35 79 69 70 72 95 24 88
92 60 41 2 17 100 73 6 42 44 98 12 61 91 11 22 10 27 80 35 79 69 70 72 95 24 88
92 60 41 2 17 100 73 6 42 44 98 12 61 91 11 22 10 27 80 35 79 69 70 72 95 24 88
92 60 41 2 17 100 73 6 42 44 98 12 61 91 11 22 10 27 80 35 79 69 70 72 95 24 88
92 60 41 2 17 100 73 6 42 44 98 12 61 91 11 22 10 27 80 35 79 69 70 72 95 24 88
92 60 41 2 17 100 73 6 42 44 98 12 61 91 11 22 10 27 80 35 79 69 70 72 95 24 88
92 60 41 2 17 100 73 6 42 44 98 12 61 91 11 22 10 27 80 35 79 69 70 72 95 24 88
92 60 41 2 17 100 73 6 42 44 98 12 61 91 11 22 10 27 80 35 79 69 70 72 95 24 88
92 60 41 2 17 100 73 6 42 44 98 12 61 91 11 22 10 27 80 35 79 69 70 72 95 24 88
92 60 41 2 17 100 73 6 42 44 98 12 61 91 11 22 10 27 80 35 79 69 70 72 95 24 88
92 60 41 2 17 100 73 6 42 44 98 12 61 91 11 22 10 27 80 35 79 69 70 72 95 24 88
92 60 41 2 17 100 73 6 42 44 98 12 61 91 11 22 10 27 80 35 79 69 70 72 95 24 88
92 60 41 2 17 100 73 6 42 44 98 12 61 91 11 22 10 27 80 35 79 69 70 72 95 24 88
92 60 41 2 17 100 73 6 42 44 98 12 61 91 11 22 10 27 80 35 79 69 70 72 95 24 88
92 60 41 2 17 100 73 6 42 44 98 12 61 91 11 22 10 27 80 35 79 69 70 72 95 24 88
92 60 41 2 17 100 73 6 42 44 98 12 61 91 11 22 10 27 80 35 79 69 70 72 95 24 88
92 60 41 2 17 100 73 6 42 44 98 12 61 91 11 22 10 27 80 35 79 69 70 72 95 24 88
92 60 41 2 17 100 73 6 42 44 98 12 61 91 11 22 10 27 80 35 79 69 70 72 95 24 88
92 60 41 2 17 100 73 6 42 44 98 12 61 91 11 22 10 27 80 35 79 69 70 72 95 24 88
92 60 41 2 17 100 73 6 42 44 98 12 61 91 11 22 10 27 80 35 79 69 70 72 95 24 88
92 60 41 2 17 100 73 6 42 44 98 12 61 91 11 22 10 27 80 35 79 69 70 72 95 24 88
92 60 41 2 17 100 73 6 42 44 98 12 61 91 11 22 10 27 80 35 79 69 70 72 95 24 88
92 60 41 2 17 100 73 6 42 44 98 12 61 91 11 22 10 27 80 35 79 69 70 72 95 24 88
92 60 41 2 17 100 73 6 42 44 98 12 61 91 11 22 10 27 80 35 79 69 70 72 95 24 88
92 60 41 2 17 100 73 6 42 44 98 12 61 91 11 22 10 27 80 35 79 69 70 72 95 24 88
92 60 41 2 17 100 73 6 42 44 98 12 61 91 11 22 10 27 80 35 79 69 70 72 95 24 88
92 60 41 2 17 100 73 6 42 44 98 12 61 91 11 22 10 27 80 35 79 69 70 72 95 24 88
92 60 41 2 17 100 73 6 42 44 98 12 61 91 11 22 10 27 80 35 79 69 70 72 95 24 88
92 60 41 2 17 100 73 6 42 44 98 12 61 91 11 22 10 27 80 35 79 69 70 72 95 24 88
92 60 41 2 17 100 73 6 42 44 98 12 61 91 11 22 10 27 80 35 79 69 70 72 95 24 88
92 60 41 2 17 100 73 6 42 44 98 12 61 91 11 22 10 27 80 35 79 69 70 72 95 24 88
92 60 41 2 17 100 73 6 42 44 98 12 61 91 11 22 10 27 80 35 79 69 70 72 95 24 88
92 60 41 2 17 100 73 6 42 44 98 12 61 91 11 22 10 27 80 35 79 69 70 72 95 24 88
92 60 41 2 17 100 73 6 42 44 98 12 61 91 11 22 10 27 80 35 79 69 70 72 95 24 88
92 60 41 2 17 100 73 6 42 44 98 12 61 91 11 22 10 27 80 35 79 69 70 72 95 24 88
92 60 41 2 17 100 73 6 42 44 98 12 61 91 11 22 10 27 80 35 79 69 70 72 95 24 88
92 60 41 2 17 100 73 6 42 44 98 12 61 91 11 22 10 27 80 35 79 69 70 72 95 24 88
92 60 41 2 17 100 73 6 42 44 98 12 61 91 11 22 10 27 80 35 79 69 70 72 95 24 88
92 60 41 2 17 100 73 6 42 44 98 12 61 91 11 22 10 27 80 35 79 69 70 72 95 24 88
92 60 41 2 17 100 73 6 42 44 98 12 61 91 11 22 10 27 80 35 79 69 70 72 95 24 88
92 60 41 2 17 100 73 6 42 44 98 12 61 91 11 22 10 27 80 35 79 69 70 72 95 24 88
92 60 41 2 17 100 73 6 42 44 98 12 61 91 11 22 10 27 80 35 79 69 70 72 95 24 88
92 60 41 2 17 100 73 6 42 44 98 12 61 91 11 22 10 27 80 35 79 69 70 72 95 24 88
92 60 41 2 17 100 73 6 42 44 98 12 61 91 11 22 10 27 80 35 79 69 70 72 95 24 88
92 60 41 2 17 100 73 6 42 44 98 12 61 91 11 22 10 27 80 35 79 69 70 72 95 24 88
92 60 41 2 17 100 73 6 42 44 98 12 61 91 11 22 10 27 80 35 79 69 70 72 95 24 88
92 60 41 2 17 100 73 6 42 44 98 12 61 91 11 22 10 27 80 35 79 69 70 72 95 24 88
92 60 41 2 17 100 73 6 42 44 98 12 61 91 11 22 10 27 80 35 79 69 70 72 95 24 88
92 60 41 2 17 100 73 6 42 44 98 12 61 91 11 22 10 27 80 35 79 69 70 72 95 24 88
92 60 41 2 17 100 73 6 42 44 98 12 61 91 11 22 10 27 80 35 79 69 70 72 95 24 88
92 60 41 2 17 100 73 6 42 44 98 12 61 91 11 22 10 27 80 35 79 69 70 72 95 24 88
92 60 41 2 17 100 73 6 42 44 98 12 61 91 11 22 10 27 80 35 79 69 70 72 95 24 88
92 60 41 2 17 100 73 6 42 44 98 12 61 91 11 22 10 27 80 35 79 69 70 72 95 24 88
92 60 41 2 17 100 73 6 42 44 98 12 61 91 11 22 10 27 80 35 79 69 70 72 95 24 88
92 60 41 2 17 100 73 6 42 44 98 12 61 91 11 22 10 27 80 35 79 69 70 72 95 24 88
92 60 41 2 17 100 73 6 42 44 98 12 61 91 11 22 10 27 80 35 79 69 70 72 95 24 88
92 60 41 2 17 100 73 6 42 44 98 12 61 91 11 22 10 27 80 35 79 69 70 72 95 24 88
92 60 41 2 17 100 73 6 42 44 98 12 61 91 11 22 10 27 80 35 79 69 70 72 95 24 88
92 60 41 2 17 100 73 6 42 44 98 12 61 91 11 22 10 27 80 35 79 69 70 72 95 24 88
92 60 41 2 17 100 73 6 42 44 98 12 61 91 11 22 10 27 80 35 79 69 70 72 95 24 88
92 60 41 2 17 100 73 6 42 44 98 12 61 91 11 22 10 27 80 35 79 69 70 72 95 24 88
92 60 41 2 17 100 73 6 42 44 98 12 61 91 11 22 10 27 80 35 79 69 70 72 95 24 88
92 60 41 2 17 100 73 6 42 44 98 12 61 91 11 22 10 27 80 35 79 69 70 72 95 24 88
92 60 41 2 17 100 73 6 42 44 98 12 61 91 11 22 10 27 80 35 79 69 70 72 95 24 88
92 60 41 2 17 100 73 6 42 44 98 12 61 91 11 22 10 27 80 35 79 69 70 72 95 24 88
92 60 41 2 17 100 73 6 42 44 98 12 61 91 11 22 10 27 80 35 79 69 70 72 95 24 88
92 60 41 2 17 100 73 6 42 44 98 12 61 91 11 22 10 27 80 35 79 69 70 72 95 24 88
92 60 41 2 17 100 73 6 42 44 98 12 61 91 11 22 10 27 80 35 79 69 70 72 95 24 88
92 60 41 2 17 100 73 6 42 44 98 12 61 91 11 22 10 27 80 35 79 69 70 72 95 24 88
92 60 41 2 17 100 73 6 42 44 98 12 61 91 11 22 10 27 80 35 79 69 70 72 95 24 88
92 60 41 2 17 100 73 6 42 44 98 12 61 91 11 22 10 27 80 35 79 69 70 72 95 24 88
92 60 41 2 17 100 73 6 42 44 98 12 61 91 11 22 10 27 80 35 79 69 70 72 95 24 88
92 60 41 2 17 100 73 6 42 44 98 12 61 91 11 22 10 27 80 35 79 69 70 72 95 24 88
92 60 41 2 17 100 73 6 42 44 98 12 61 91 11 22 10 27 80 35 79 69 70 72 95 24 88
92 60 41 2 17 100 73 6 42 44 98 12 61 91 11 22 10 27 80 35 79 69 70 72 95 24 88
92 60 41 2 17 100 73 6 42 44 98 12 61 91 11 22 10 27 80 35 79 69 70 72 95 24 88
92 60 41 2 17 100 73 6 42 44 98 12 61 91 11 22 10 27 80 35 79 69 70 72 95 24 88
92 60 41 2 17 100 73 6 42 44 98 12 61 91 11 22 10 27 80 35 79 69 70 72 95 24 88
92 60 41 2 17 100 73 6 42 44 98 12 61 91 11 22 10 27 80 35 79 69 70 72 95 24 88
92 60 41 2 17 100 73 6 42 44 98 12 61 91 11 22 10 27 80 35 79 69 70 72 95 24 88
92 60 41 2 17 100 73 6 42 44 98 12 61 91 11 22 10 27 80 35 79 69 70 72 95 24 88
92 60 41 2 17 100 73 6 42 44 98 12 61 91 11 22 10 27 80 35 79 69 70 72 95 24 88
92 60 41 2 17 100 73 6 42 44 98 12 61 91 11 22 10 27 80 35 79 69 70 72 95 24 88
92 60 41 2 17 100 73 6 42 44 98 12 61 91 11 22 10 27 80 35 79 69 70 72 95 24 88
92 60 41 2 17 100 73 6 42 44 98 12 61 91 11 22 10 27 80 35 79 69 70 72 95 24 88
92 60 41 2 17 100 73 6 42 44 98 12 61 91 11 22 10 27 80 35 79 69 70 72 95 24 88
92 60 41 2 17 100 73 6 42 44 98 12 61 91 11 22 10 27 80 35 79 69 70 72 95 24 88
92 60 41 2 17 100 73 6 42 44 98 12 61 91 11 22 10 27 80 35 79 69 70 72 95 24 88
92 60 41 2 17 100 73 6 42 44 98 12 61 91 11 22 10 27 80 35 79 69 70 72 95 24 88
92 60 41 2 17 100 73 6 42 44 98 12 61 91 11 22 10 27 80 35 79 69 70 72 95 24 88
92 60 41 2 17 100 73 6 42 44 98 12 61 91 11 22 10 27 80 35 79 69 70 72 95 24 88
92 60 41 2 17 100 73 6 42 44 98 12 61 91 11 22 10 27 80 35 79 69 70 72 95 24 88
92 60 41 2 17 100 73 6 42 44 98 12 61 91 11 22 10 27 80 35 79 69 70 72 95 24 88
92 60 41 2 17 100 73 6 42 44 98 12 61 91 11 22 10 27 80 35 79 69 70 72 95 24 88
92 60 41 2 17 100 73 6 42 44 98 12 61 91 11 22 10 27 80 35 79 69 70 72 95 24 88
92 60 41 2 17 100 73 6 42 44 98 12 61 91 11 22 10 27 80 35 79 69 70 72 95 24 88
92 60 41 2 17 100 73 6 42 44 98 12 61 91 11 22 10 27 80 35 79 69 70 72 95 24 88
92 60 41 2 17 100 73 6 42 44 98 12 61 91 11 22 10 27 80 35 79 69 70 72 95 24 88
92 60 41 2 17 100 73 6 42 44 98 12 61 91 11 22 10 27 80 35 79 69 70 72 95 24 88
92 60 41 2 17 100 73 6 42 44 98 12 61 91 11 22 10 27 80 35 79 69 70 72 95 24 88
92 60 41 2 17 100 73 6 42 44 98 12 61 91 11 22 10 27 80 35 79 69 70 72 95 24 88
92 60 41 2 17 100 73 6 42 44 98 12 61 91 11 22 10 27 80 35 79 69 70 72 95 24 88
92 60 41 2 17 100 73 6 42 44 98 12 61 91 11 22 10 27 80 35 79 69 70 72 95 24 88
92 60 41 2 17 100 73 6 42 44 98 12 61 91 11 22 10 27 80 35 79 69 70 72 95 24 88
92 60 41 2 17 100 73 6 42 44 98 12 61 91 11 22 10 27 80 35 79 69 70 72 95 24 88
92 60 41 2 17 100 73 6 42 44 98 12 61 91 11 22 10 27 80 35 79 69 70 72 95 24 88
92 60 41 2 17 100 73 6 42 44 98 12 61 91 11 22 10 27 80 35 79 69 70 72 95 24 88
92 60 41 2 17 100 73 6 42 44 98 12 61 91 11 22 10 27 80 35 79 69 70 72 95 24 88
92 60 41 2 17 100 73 6 42 44 98 12 61 91 11 22 10 27 80 35 79 69 70 72 95 24 88
92 60 41 2 17 100 73 6 42 44 98 12 61 91 11 22 10 27 80 35 79 69 70 72 95 24 88
92 60 41 2 17 100 73 6 42 44 98 12 61 91 11 22 10 27 80 35 79 69 70 72 95 24 88
92 60 41 2 17 100 73 6 42 44 98 12 61 91 11 22 10 27 80 35 79 69 70 72 95 24 88
92 60 41 2 17 100 73 6 42 44 98 12 61 91 11 22 10 27 80 35 79 69 70 72 95 24 88
92 60 41 2 17 100 73 6 42 44 98 12 61 91 11 10 27 23 80 35 79 69 70 72 95 24 88
92 60 41 2 17 100 73 6 42 44 98 12 61 91 11 10 27 23 80 35 79 69 70 72 95 24 88
92 60 41 2 17 100 73 6 42 44 98 12 61 91 11 10 27 23 80 35 79 69 70 72 95 24 88
92 60 41 2 17 100 73 6 42 44 98 12 61 91 11 10 27 23 80 35 79 69 70 72 95 24 88
92 60 41 2 17 100 73 6 42 44 98 12 61 91 11 10 27 23 80 35 79 69 70 72 95 24 88
92 60 41 2 17 100 73 6 42 44 98 12 61 91 11 10 27 23 80 35 79 69 70 72 95 24 88
92 60 41 2 17 100 73 6 42 44 98 12 61 91 11 10 27 23 80 35 79 69 70 72 95 24 88
92 60 41 2 17 100 73 6 42 44 98 12 61 91 11 10 27 23 80 35 79 69 70 72 95 24 88
92 60 41 2 17 100 73 6 42 44 98 12 61 91 11 10 27 23 80 35 79 69 70 72 95 24 88
92 60 41 2 17 100 73 6 42 44 98 12 61 91 11 10 27 23 80 35 79 69 70 72 95 24 88
92 60 41 2 17 100 73 6 42 44 98 12 61 91 11 10 27 23 80 35 79 69 70 72 95 24 88
92 60 41 2 17 100 73 6 42 44 98 12 61 91 11 10 27 23 80 35 79 69 70 72 95 24 88
92 60 41 2 17 100 73 6 42 44 98 12 61 91 11 10 27 23 80 35 79 69 70 72 95 24 88
92 60 41 2 17 100 73 6 42 44 98 12 61 91 11 10 27 23 80 35 79 69 70 72 95 24 88
92 60 41 2 17 100 73 6 42 44 98 12 61 91 11 10 27 23 80 35 79 69 70 72 95 24 88
92 60 41 2 17 100 73 6 42 44 98 12 61 91 11 10 27 23 80 35 79 69 70 72 95 24 88
92 60 41 2 17 100 73 6 42 44 98 12 61 91 11 10 27 23 80 35 79 69 70 72 95 24 88
92 60 41 2 17 100 73 6 42 44 98 12 61 91 11 10 27 23 80 35 79 69 70 72 95 24 88
92 60 41 2 17 100 73 6 42 44 98 12 61 91 11 10 27 23 80 35 79 69 70 72 95 24 88
92 60 41 2 17 100 73 6 42 44 98 12 61 91 11 10 27 23 80 35 79 69 70 72 95 24 88
92 60 41 2 17 100 73 6 42 44 98 12 61 91 11 10 27 23 80 35 79 69 70 72 95 24 88
92 60 41 2 17 100 73 6 42 44 98 12 61 91 11 10 27 23 80 35 79 69 70 72 95 24 88
92 60 41 2 17 100 73 6 42 44 98 12 61 91 11 10 27 23 80 35 79 69 70 72 95 24 88
92 60 41 2 17 100 73 6 42 44 98 12 61 91 11 10 27 23 80 35 79 69 70 72 95 24 88
92 60 41 2 17 100 73 6 42 44 98 12 61 91 11 10 27 23 80 35 79 69 70 72 95 24 88
92 60 41 2 17 100 73 6 42 44 98 12 61 91 11 10 27 23 80 35 79 69 70 72 95 24 88
92 60 41 2 17 100 73 6 42 44 98 12 61 91 11 10 27 23 80 35 79 69 70 72 95 24 88
92 60 41 2 17 100 73 6 42 44 98 12 61 91 11 10 27 23 80 35 79 69 70 72 95 24 88
92 60 41 2 17 100 73 6 42 44 98 12 61 91 11 10 27 23 80 35 79 69 70 72 95 24 88
92 60 41 2 17 100 73 6 42 44 98 12 61 91 11 10 27 23 80 35 79 69 70 72 95 24 88
92 60 41 2 17 100 73 6 42 44 98 12 61 91 11 10 27 23 80 35 79 69 70 72 95 24 88
92 60 41 2 17 100 73 6 42 44 98 12 61 91 11 10 27 23 80 35 79 69 70 72 95 24 88
92 60 41 2 17 100 73 6 42 44 98 12 61 91 11 10 27 23 80 35 79 69 70 72 95 24 88
92 60 41 2 17 100 73 6 42 44 98 12 61 91 11 10 27 23 80 35 79 69 70 72 95 24 88
92 60 41 2 17 100 73 6 42 44 98 12 61 91 11 10 27 23 80 35 79 69 70 72 95 24 88
92 60 41 2 17 100 73 6 42 44 98 12 61 91 11 10 27 23 80 35 79 69 70 72 95 24 88
92 60 41 2 17 100 73 6 42 44 98 12 61 91 11 10 27 23 80 35 79 69 70 72 95 24 88
92 60 41 2 17 100 73 6 42 44 98 12 61 91 11 10 27 23 80 35 79 69 70 72 95 24 88
92 60 41 2 17 100 73 6 42 44 98 12 61 91 11 10 27 23 80 35 79 69 70 72 95 24 88
92 60 41 2 17 100 73 6 42 44 98 12 61 91 11 10 27 23 80 35 79 69 70 72 95 24 88
92 60 41 2 17 100 73 6 42 44 98 12 61 91 11 10 27 23 80 35 79 69 70 72 95 24 88
92 60 41 2 17 100 73 6 42 44 98 12 61 91 11 10 27 23 80 35 79 69 70 72 95 24 88
92 60 41 2 17 100 73 6 42 44 98 12 61 91 11 10 27 23 80 35 79 69 70 72 95 24 88
92 60 41 2 17 100 73 6 42 44 98 12 61 91 11 10 27 23 80 35 79 69 70 72 95 24 88
92 60 41 2 17 100 73 6 42 44 98 12 61 91 11 10 27 23 80 35 79 69 70 72 95 24 88
92 60 41 2 17 100 73 6 42 44 98 12 61 91 11 10 27 23 80 35 79 69 70 72 95 24 88
92 60 41 2 17 100 73 6 42 44 98 12 61 91 11 10 27 23 80 35 79 69 70 72 95 24 88
92 60 41 2 17 100 73 6 42 44 98 12 61 91 11 10 27 23 80 35 79 69 70 72 95 24 88
92 60 41 2 17 100 73 6 42 44 98 12 61 91 11 10 27 23 80 35 79 69 70 72 95 24 88
92 60 41 2 17 100 73 6 42 44 98 12 61 91 11 10 27 23 80 35 79 69 70 72 95 24 88
92 60 41 2 17 100 73 6 42 44 98 12 61 91 11 10 27 23 80 35 79 69 70 72 95 24 88
92 60 41 2 17 100 73 6 42 44 98 12 61 91 11 10 27 23 80 35 79 69 70 72 95 24 88
92 60 41 2 17 100 73 6 42 44 98 12 61 91 11 10 27 23 80 35 79 69 70 72 95 24 88
92 60 41 2 17 100 73 6 42 44 98 12 61 91 11 10 27 23 80 35 79 69 70 72 95 24 88
92 60 41 2 17 100 73 6 42 44 98 12 61 91 11 10 27 23 80 35 79 69 70 72 95 24 88
92 60 41 2 17 100 73 96 6 42 44 98 12 61 91 11 10 27 23 80 35 79 69 70 72 24 88
92 60 41 2 17 100 73 96 6 42 44 98 12 61 91 11 10 27 23 80 35 79 69 70 72 24 88
92 60 41 2 17 100 73 96 6 42 44 98 12 61 91 11 10 27 23 80 35 79 69 70 72 24 88
92 60 41 2 17 100 73 96 6 42 44 98 12 61 91 11 10 27 23 80 35 79 69 70 72 24 88
92 60 41 2 17 100 73 96 6 42 44 98 12 61 91 11 10 27 23 80 35 79 69 70 72 24 88
92 60 41 2 17 100 73 96 6 42 44 98 12 61 91 11 10 27 23 80 35 79 69 70 72 24 88
92 60 41 2 17 100 73 96 6 42 44 98 12 61 91 11 10 27 23 80 35 79 69 70 72 24 88
92 60 41 2 17 100 73 96 6 42 44 98 12 61 91 11 10 27 23 80 35 79 69 70 72 24 88
92 60 41 2 17 100 73 96 6 42 44 98 12 61 91 11 10 27 23 80 35 79 69 70 72 24 88
92 60 41 2 17 100 73 96 6 42 44 98 12 61 91 11 10 27 23 80 35 79 69 70 72 24 88
92 60 41 2 17 100 73 96 6 42 44 98 12 61 91 11 10 27 23 80 35 79 69 70 72 24 88
92 60 41 2 17 100 73 96 6 42 44 98 12 61 91 11 10 27 23 80 35 79 69 70 72 24 88
92 60 41 2 17 100 73 96 6 42 44 98 12 61 91 11 10 27 23 80 35 79 69 70 72 24 88
92 60 41 2 17 100 73 96 6 42 44 98 12 61 91 11 10 27 23 80 35 79 69 70 72 24 88
92 60 41 2 17 100 73 96 6 42 44 98 12 61 91 11 10 27 23 80 35 79 69 70 72 24 88
92 60 41 2 17 100 73 96 6 42 44 98 12 61 91 11 10 27 23 80 35 79 69 70 72 24 88
92 60 41 2 17 100 73 96 6 42 44 98 12 61 91 11 10 27 23 80 35 79 69 70 72 24 88
92 60 41 2 17 100 73 96 6 42 44 98 12 61 91 11 10 27 23 80 35 79 69 70 72 24 88
92 60 41 2 17 100 73 96 6 42 44 98 12 61 91 11 10 27 23 80 35 79 69 70 72 24 88
92 60 41 2 17 100 73 96 6 42 44 98 12 61 91 11 10 27 23 80 35 79 69 70 72 24 88
92 60 41 2 17 100 73 96 6 42 44 98 12 61 91 11 10 27 23 80 35 79 69 70 72 24 88
92 60 41 2 17 100 73 96 6 42 44 98 12 61 91 11 10 27 23 80 35 79 69 70 72 24 88
92 60 41 2 17 100 73 96 6 42 44 98 12 61 91 11 10 27 23 80 35 79 69 70 72 24 88
92 60 41 2 17 100 45 73 96 6 42 98 12 61 91 11 10 27 23 80 35 79 69 70 72 24 88
92 60 41 2 17 100 45 73 96 6 42 98 12 61 91 11 10 27 23 80 35 79 69 70 72 24 88
92 60 41 2 17 100 45 73 96 6 42 98 12 61 91 11 10 27 23 80 35 79 69 70 72 24 88
92 60 41 2 17 100 45 73 96 6 42 98 12 61 91 11 10 27 23 80 35 79 69 70 72 24 88
92 60 41 2 17 100 45 73 96 6 42 98 12 61 91 11 10 27 23 80 35 79 69 70 72 24 88
92 60 41 2 17 100 45 73 96 6 42 98 12 61 91 11 10 27 23 80 35 79 69 70 72 24 88
92 60 41 2 17 100 45 73 96 6 42 98 12 61 91 11 10 27 23 80 35 79 69 70 72 24 88
92 60 41 2 17 100 45 73 96 6 42 98 12 61 91 11 10 27 23 80 35 79 69 70 72 24 88
92 60 41 2 17 100 45 73 96 6 42 98 12 61 91 11 10 27 23 80 35 79 69 70 72 24 88
92 60 41 2 17 100 45 73 96 6 42 98 12 61 91 11 10 27 23 80 35 79 69 70 72 24 88
92 60 41 2 17 100 45 73 96 6 42 98 12 61 91 11 10 27 23 80 35 79 69 70 72 24 88
92 60 41 2 17 100 45 73 96 6 42 98 12 61 91 11 10 27 23 80 35 79 69 70 72 24 88
92 60 41 2 17 100 45 73 96 6 42 98 12 61 91 11 10 27 23 80 35 79 69 70 72 24 88
92 60 41 2 17 100 45 73 96 6 42 98 12 61 91 11 10 27 23 80 35 79 69 70 72 24 88
92 60 41 2 17 100 45 73 96 6 42 98 12 61 91 11 10 27 23 80 35 79 69 70 72 24 88
92 60 41 2 17 100 45 73 96 6 42 98 12 61 91 11 10 27 23 80 35 79 69 70 72 24 88
92 60 41 2 17 100 45 73 96 6 42 98 12 61 91 11 10 27 23 80 35 79 69 70 72 24 88
92 60 41 2 17 100 45 73 96 6 42 98 12 61 91 11 10 27 23 80 35 79 69 70 72 24 88
92 60 41 2 17 100 45 73 96 6 42 98 12 61 91 11 10 27 23 80 35 79 69 70 72 24 88
92 60 41 2 17 100 45 73 96 6 42 98 12 61 91 11 10 27 23 80 35 79 69 70 72 24 88
92 60 41 2 17 100 45 73 96 6 42 98 12 61 91 11 10 27 23 80 35 79 69 70 72 24 88
92 60 41 2 17 100 45 73 96 6 42 98 12 61 91 11 10 27 23 80 35 79 69 72 71 24 88
92 60 41 2 17 100 45 73 96 6 42 98 12 61 91 11 10 27 23 80 35 79 69 72 71 24 88
92 60 41 2 17 100 45 73 96 6 42 98 12 61 91 11 10 27 23 80 35 79 69 72 71 24 88
92 60 41 2 17 100 45 73 96 6 42 98 12 61 91 11 10 27 23 80 35 79 69 72 71 24 88
92 60 41 2 17 100 45 73 96 6 42 98 12 61 91 11 10 27 23 80 35 79 69 72 71 24 88
92 60 41 2 17 100 45 73 96 6 42 98 12 61 91 11 10 27 23 80 35 79 69 72 71 24 88
92 60 41 2 17 100 45 73 96 6 42 98 12 61 91 11 10 27 23 80 35 79 69 72 71 24 88
92 60 41 2 17 100 45 73 96 6 42 98 12 61 91 11 10 27 23 80 35 79 69 72 71 24 88
92 60 41 2 17 100 45 73 96 6 42 98 12 61 91 11 10 27 23 80 35 79 69 72 71 24 88
92 60 41 2 17 100 45 73 96 6 42 98 12 61 91 11 10 27 23 80 35 79 69 72 71 24 88
92 60 41 2 17 100 45 73 96 6 42 98 12 61 91 11 10 27 23 80 35 79 69 72 71 24 88
92 60 41 2 17 100 45 73 96 6 42 98 12 61 91 11 10 27 23 80 35 79 69 72 71 24 88
92 60 41 2 17 100 45 73 96 6 42 98 12 61 91 11 10 27 23 80 35 79 69 72 71 24 88
92 60 41 2 17 100 45 73 96 6 42 98 12 61 91 11 10 27 23 80 35 79 69 72 71 24 88
92 60 41 2 17 100 45 73 96 6 42 98 12 61 91 11 10 27 23 80 35 79 69 72 71 24 88
92 60 41 2 17 100 45 73 96 6 42 98 12 61 91 11 10 27 23 80 35 79 69 72 71 24 88
92 60 41 2 17 100 45 73 96 6 42 98 12 61 91 11 10 27 23 80 35 79 69 72 71 24 88
92 60 41 2 17 100 45 73 96 6 42 98 12 61 91 11 10 27 23 80 35 79 69 72 71 24 88
92 60 41 2 17 100 45 73 96 6 42 98 12 61 91 11 10 27 23 80 35 79 69 72 71 24 88
92 60 41 2 17 100 45 73 96 6 42 98 12 61 91 11 10 27 23 80 35 79 69 72 71 24 88
92 60 41 2 17 100 45 73 96 6 42 98 12 61 91 11 10 27 23 80 35 79 69 72 71 24 88
92 60 41 2 17 100 45 73 96 6 42 98 12 61 91 11 10 27 23 80 35 79 69 72 71 24 88
92 60 41 2 17 100 45 73 96 6 42 98 12 61 91 11 10 27 23 80 35 79 69 72 71 24 88
92 60 41 2 17 100 45 73 96 6 42 98 12 61 91 11 10 27 23 80 35 79 69 72 71 24 88
92 60 41 2 17 100 45 73 96 6 42 98 12 61 91 11 10 27 23 80 35 79 69 72 71 24 88
92 60 41 2 17 100 45 73 96 6 42 98 12 61 91 11 10 27 23 80 35 79 69 72 71 24 88
92 60 41 2 17 100 45 73 96 6 42 98 12 61 91 11 10 27 23 80 35 79 69 72 71 24 88
92 60 41 2 17 100 45 73 96 6 42 98 12 61 91 11 10 27 23 80 35 79 69 72 71 24 88
92 60 41 2 17 100 45 73 96 6 42 98 12 61 91 11 10 27 23 80 35 79 69 72 71 24 88
92 60 41 2 17 100 45 73 96 6 42 98 12 61 91 11 10 27 23 80 35 79 69 72 71 24 88
92 60 41 2 17 100 45 73 96 6 42 98 12 61 91 11 10 27 23 80 35 79 69 72 71 24 88
92 60 41 2 17 100 45 73 96 6 42 98 12 61 91 11 10 27 23 80 35 79 69 72 71 24 88
92 60 41 2 17 100 45 73 96 6 42 98 12 61 91 11 10 27 23 80 35 79 69 72 71 24 88
92 60 41 2 17 100 45 73 96 6 42 98 12 61 91 11 10 27 23 80 35 79 69 72 71 24 88
92 60 41 2 17 100 45 73 96 6 42 98 12 61 91 11 10 27 23 80 35 79 69 72 71 24 88
92 60 41 2 17 100 45 73 96 6 42 98 12 61 91 11 10 27 23 80 35 79 69 72 71 24 88
92 60 41 2 17 100 45 73 96 6 42 98 12 61 91 11 10 27 23 80 35 79 69 72 71 24 88
92 60 41 2 17 100 45 73 96 6 42 98 12 61 91 11 10 27 23 80 35 79 69 72 71 24 88
92 60 41 2 17 100 45 73 96 6 42 98 12 61 91 11 10 27 23 80 35 79 69 72 71 24 88
92 60 41 2 17 100 45 73 96 6 42 98 12 61 91 11 10 27 23 80 35 79 69 72 71 24 88
92 60 41 2 17 100 45 73 96 6 42 98 12 61 91 11 10 27 23 80 35 79 69 72 71 24 88
92 60 41 2 17 100 45 73 96 6 42 98 12 61 91 11 10 27 23 80 35 79 69 72 71 24 88
92 60 41 2 17 100 45 73 96 6 42 98 12 61 91 11 10 27 23 80 35 79 69 72 71 24 88
92 60 41 2 17 100 45 73 96 6 42 98 12 61 91 11 10 27 23 80 35 79 69 72 71 24 88
92 60 41 2 17 100 45 73 96 6 42 98 12 61 91 11 10 27 23 80 35 79 69 72 71 24 88
92 60 41 2 17 100 45 73 96 6 42 98 12 61 91 11 10 27 23 80 35 79 69 72 71 24 88
92 60 41 2 17 100 45 73 96 6 42 98 12 61 91 11 10 27 23 80 35 79 69 72 71 24 88
92 60 41 2 17 100 45 73 96 6 42 98 12 61 91 11 10 27 23 80 35 79 69 72 71 24 88
92 60 41 2 17 100 45 73 96 6 42 98 12 61 91 11 10 27 23 80 35 79 69 72 71 24 88
92 60 41 2 17 100 45 73 96 6 42 98 12 61 91 11 10 27 23 80 35 79 69 72 71 24 88
92 60 41 2 17 100 45 73 96 6 42 98 12 61 91 11 10 27 23 80 35 79 69 72 71 24 88
92 60 41 2 17 100 45 73 96 6 42 98 12 61 91 11 10 27 23 80 35 79 69 72 71 24 88
92 60 41 2 17 100 45 73 96 6 42 98 12 61 91 11 10 27 23 80 35 79 69 72 71 24 88
92 60 41 2 17 100 45 73 96 6 42 98 12 61 91 11 10 27 23 80 35 79 69 72 71 24 88
92 60 41 2 17 100 45 73 96 6 42 98 12 61 91 11 10 27 23 80 35 79 69 72 71 24 88
92 60 41 2 17 100 45 73 96 6 42 98 12 61 91 11 10 27 23 80 35 79 69 72 71 24 88
92 60 41 2 17 100 45 73 96 6 42 98 12 61 91 11 10 27 23 80 35 79 69 72 71 24 88
92 60 41 2 17 100 45 73 96 6 42 98 12 61 91 11 10 27 23 80 35 79 69 72 71 24 88
92 60 41 2 17 100 45 73 96 6 42 98 12 61 91 11 10 27 23 80 35 79 69 72 71 24 88
92 60 41 2 17 100 45 73 96 6 42 98 12 61 91 11 10 27 23 80 35 79 69 72 71 24 88
92 60 41 2 17 100 45 73 96 6 42 98 12 61 91 11 10 27 23 80 35 79 69 72 71 24 88
92 60 41 2 17 100 45 73 96 6 42 98 12 61 91 11 10 27 23 80 35 79 69 72 71 24 88
92 60 41 2 17 100 45 73 96 6 42 98 12 61 91 11 10 27 23 80 35 79 69 72 71 24 88
92 60 41 2 17 100 45 73 96 6 42 98 12 61 91 11 10 27 23 80 35 79 69 72 71 24 88
92 60 41 2 17 100 45 73 96 6 42 98 12 61 91 11 10 27 23 80 35 79 69 72 71 24 88
92 60 41 2 17 100 45 73 96 6 42 98 12 61 91 11 10 27 23 80 35 79 69 72 71 24 88
92 60 41 2 17 100 45 73 96 6 42 98 12 61 91 11 10 27 23 80 35 79 69 72 71 24 88
92 60 41 2 17 100 45 73 96 6 42 98 12 61 91 11 10 27 23 80 35 79 69 72 71 24 88
92 60 41 2 17 100 45 73 96 6 42 98 12 61 91 11 10 27 23 80 35 79 69 72 71 24 88
92 60 41 2 17 100 45 73 96 6 42 98 12 61 91 11 10 27 23 80 35 79 69 72 71 24 88
92 60 41 2 17 100 45 73 96 6 42 98 12 61 91 11 10 27 23 80 35 79 69 72 71 24 88
92 60 41 2 17 100 45 73 96 6 42 98 12 61 91 11 10 27 23 80 35 79 69 72 71 24 88
92 60 41 2 17 100 45 73 96 6 42 98 12 61 91 11 10 27 23 80 35 79 69 72 71 24 88
92 60 41 2 17 100 45 73 96 6 42 98 12 61 91 11 10 27 23 80 35 79 69 72 71 24 88
92 60 41 2 17 100 45 73 96 6 42 98 12 61 91 11 10 27 23 80 35 79 69 72 71 24 88
92 60 41 2 17 100 45 73 96 6 42 98 12 61 91 11 10 27 23 80 35 79 69 72 71 24 88
92 60 41 2 17 100 45 73 96 6 42 98 12 61 91 11 10 27 23 80 35 79 69 72 71 24 88
92 60 41 2 17 100 45 73 96 6 42 98 12 61 91 11 10 27 23 80 35 79 69 72 71 24 88
92 60 41 2 17 100 45 73 96 6 42 98 12 61 91 11 10 27 23 80 35 79 69 72 71 24 88
92 60 41 2 17 100 45 73 96 6 42 98 12 61 91 11 10 27 23 80 35 79 69 72 71 24 88
92 60 41 2 17 100 45 73 96 6 42 98 12 61 91 11 10 27 23 80 35 79 69 72 71 24 88
92 60 41 2 17 100 45 73 96 6 42 98 12 61 91 11 10 27 23 80 35 79 69 72 71 24 88
92 60 41 2 17 100 45 73 96 6 42 98 12 61 91 11 10 27 23 80 35 79 69 72 71 24 88
92 60 41 2 17 100 45 73 96 6 42 98 12 61 91 11 10 27 23 80 35 79 69 72 71 24 88
92 60 41 2 17 100 45 73 96 6 42 98 12 61 91 11 10 27 23 80 35 79 69 72 71 24 88
92 60 41 2 17 100 45 73 96 6 42 98 12 61 91 11 10 27 23 80 35 79 69 72 71 24 88
92 60 41 2 17 100 45 73 96 6 42 98 12 61 91 11 10 27 23 80 35 79 69 72 71 24 88
92 60 41 2 17 100 45 73 96 6 42 98 12 61 91 11 10 27 23 80 35 79 69 72 71 24 88
92 60 41 2 17 100 45 73 96 6 42 98 12 61 91 11 10 27 23 80 35 79 69 72 71 24 88
92 60 41 2 17 100 45 73 96 6 42 98 12 61 91 11 10 27 23 80 35 79 69 72 71 24 88
92 60 41 2 17 100 45 73 96 6 42 98 12 61 91 11 10 27 23 80 35 79 69 72 71 24 88
92 60 41 2 17 100 45 73 96 6 42 98 12 61 91 11 10 27 23 80 35 79 69 72 71 24 88
92 60 41 2 17 100 45 73 96 6 42 98 12 61 91 11 10 27 23 80 35 79 69 72 71 24 88
92 60 41 2 17 100 45 73 96 6 42 98 12 61 91 11 10 27 23 80 35 79 69 72 71 24 88
92 60 41 2 17 100 45 73 96 6 42 98 12 61 91 11 10 27 23 80 35 79 69 72 71 24 88
92 60 41 2 17 100 45 73 96 6 42 98 12 61 91 11 10 27 23 80 35 79 69 72 71 24 88
92 60 41 2 17 100 45 73 96 6 42 98 12 61 91 11 10 27 23 80 35 79 69 72 71 24 88
92 60 41 2 17 100 45 73 96 6 42 98 12 61 91 11 10 27 23 80 35 79 69 72 71 24 88
92 60 41 2 17 100 45 73 96 6 42 98 12 61 91 11 10 27 23 80 35 79 69 72 71 24 88
92 60 41 2 17 100 45 73 96 6 42 98 12 61 91 11 10 27 23 80 35 79 69 72 71 24 88
92 60 41 2 17 100 45 73 96 6 42 98 12 61 91 11 10 27 23 80 35 79 69 72 71 24 88
92 60 41 2 17 100 45 73 96 6 42 98 12 61 91 11 10 27 23 80 35 79 69 72 71 24 88
92 60 41 2 17 100 45 73 96 6 42 98 12 61 91 11 10 27 23 80 35 79 69 72 71 24 88
92 60 41 2 17 100 45 73 96 6 42 98 12 61 91 11 10 27 23 80 35 79 69 72 71 24 88
92 60 41 2 17 100 45 73 96 6 42 98 12 61 91 11 10 27 23 80 35 79 69 72 71 24 88
92 60 41 2 17 100 45 73 96 6 42 98 12 61 91 11 10 27 23 80 35 79 69 72 71 24 88
92 60 41 2 17 100 45 73 96 6 42 98 12 61 91 11 10 27 23 80 35 79 69 72 71 24 88
92 60 41 2 17 100 45 73 96 6 42 98 12 61 91 11 10 27 23 80 35 79 69 72 71 24 88
92 60 41 2 17 100 45 73 96 6 42 98 12 61 91 11 10 27 23 80 35 79 69 72 71 24 88
92 60 41 2 17 100 45 73 96 6 42 98 12 61 91 11 10 27 23 80 35 79 69 72 71 24 88
92 60 41 2 17 100 45 73 96 6 42 98 12 61 91 11 10 27 23 80 35 79 69 72 71 24 88
92 60 41 2 17 100 45 73 96 6 42 98 12 61 91 11 10 27 23 80 35 79 69 72 71 24 88
92 60 41 2 17 100 45 73 96 6 42 98 12 61 91 11 10 27 23 80 35 79 69 72 71 24 88
92 60 41 2 17 100 45 73 96 6 42 98 12 61 91 11 10 27 23 80 35 79 69 72 71 24 88
92 60 41 2 17 100 45 73 96 6 42 98 12 61 91 11 27 23 80 35 79 69 72 71 24 88
92 60 41 2 17 100 45 73 96 6 42 98 12 61 91 11 27 23 80 35 79 69 72 71 24 88
92 60 41 2 17 100 45 73 96 6 42 98 12 61 91 11 27 23 80 35 79 69 72 71 24 88
92 60 41 2 17 100 45 73 96 6 42 98 12 61 91 11 27 23 80 35 79 69 72 71 24 88
92 60 41 2 17 100 45 73 96 6 42 98 12 61 91 11 27 23 80 35 79 69 72 71 24 88
92 60 41 2 17 100 45 73 96 6 42 98 12 61 91 11 27 23 80 35 79 69 72 71 24 88
92 60 41 2 17 100 45 73 96 6 42 98 12 61 91 11 27 23 80 35 79 69 72 71 24 88
92 60 41 2 17 100 45 73 96 6 42 98 12 61 91 11 27 23 80 35 79 69 72 71 24 88
92 60 41 2 17 100 45 73 96 6 42 98 12 61 91 11 27 23 80 35 79 69 72 71 24 88
92 60 41 2 17 100 45 73 96 6 42 98 12 61 91 11 27 23 80 35 79 69 72 71 24 88
92 60 41 2 17 100 45 73 96 6 42 98 12 61 91 11 27 23 80 35 79 69 72 71 24 88
92 60 41 2 17 100 45 73 96 6 42 98 12 61 91 11 27 23 80 35 79 69 72 71 24 88
92 60 41 2 17 100 45 73 96 6 42 98 12 61 91 11 27 23 80 35 79 69 72 71 24 88
92 60 41 2 17 100 45 73 96 6 42 98 12 61 91 11 27 23 80 35 79 69 72 71 24 88
92 60 41 2 17 100 45 73 96 6 42 98 12 61 91 11 27 23 80 35 79 69 72 71 24 88
92 60 41 2 17 100 45 73 96 6 42 98 12 61 91 11 27 23 80 35 79 69 72 71 24 88
92 60 41 2 17 100 45 73 96 6 42 98 12 61 91 11 27 23 80 35 79 69 72 71 24 88
92 60 41 2 17 100 45 73 96 6 42 98 12 61 91 11 27 23 80 35 79 69 72 71 24 88
92 60 41 2 17 100 45 73 96 6 42 98 12 61 91 11 27 23 80 35 79 69 72 71 24 88
92 60 41 2 17 100 45 73 96 13 6 42 98 61 91 11 27 23 80 35 79 69 72 71 24 88
92 60 41 2 17 100 45 73 96 13 6 42 98 61 91 11 27 23 80 35 79 69 72 71 24 88
92 60 41 2 17 100 45 73 96 13 6 42 98 61 91 11 27 23 80 35 79 69 72 71 24 88
92 60 41 2 17 100 45 73 96 13 6 42 98 61 91 11 27 23 80 35 79 69 72 71 24 88
92 60 41 2 17 100 45 73 96 13 6 42 98 61 91 11 27 23 80 35 79 69 72 71 24 88
92 60 41 2 17 100 45 73 96 13 6 42 98 61 91 11 27 23 80 35 79 69 72 71 24 88
92 60 41 2 17 100 45 73 96 13 6 42 98 61 91 11 27 23 80 35 79 69 72 71 24 88
92 60 41 2 17 100 45 73 96 13 6 42 98 61 91 11 27 23 80 35 79 69 72 71 24 88
92 60 41 2 17 100 45 73 96 13 6 42 98 61 91 11 27 23 80 35 79 69 72 71 24 88
92 60 41 2 17 100 45 73 96 13 6 42 98 61 91 11 27 23 80 35 79 69 72 71 24 88
92 60 41 2 17 100 45 73 96 13 6 42 98 61 91 11 27 23 80 35 79 69 72 71 24 88
92 60 41 2 17 100 45 73 96 13 6 42 98 61 91 11 27 23 80 35 79 69 72 71 24 88
92 60 41 2 17 100 45 73 96 13 6 42 98 61 91 11 27 23 80 35 79 69 72 71 24 88
92 60 41 2 17 100 45 73 96 13 6 42 98 61 91 11 27 23 80 35 79 69 72 71 24 88
92 60 41 2 17 100 45 73 96 13 6 42 98 61 91 11 27 23 80 35 79 69 72 71 24 88
92 60 41 2 17 100 45 73 96 13 6 42 98 61 91 11 27 23 80 35 79 69 72 71 24 88
92 60 41 2 17 100 45 73 96 13 6 42 98 61 91 11 27 23 80 35 79 69 72 71 24 88
92 60 41 2 17 100 45 73 96 13 6 42 98 61 91 11 27 23 80 35 79 69 72 71 24 88
92 60 41 2 17 100 45 73 96 13 6 42 98 61 91 11 27 23 80 35 79 69 72 71 24 88
92 60 41 2 17 100 45 73 96 13 6 42 98 61 91 11 27 23 80 35 79 69 72 71 24 88
92 60 41 2 17 100 45 73 96 13 6 42 98 61 91 11 27 23 80 35 79 69 72 71 24 88
92 60 41 2 17 100 45 73 96 13 6 42 98 61 91 11 27 23 80 35 79 69 72 71 24 88
92 60 41 2 17 100 45 73 96 13 6 42 98 61 91 11 27 23 80 35 79 69 72 71 24 88
92 60 41 2 17 100 45 73 96 13 6 42 98 61 91 11 27 23 80 35 79 69 72 71 24 88
92 60 41 2 17 100 45 73 96 13 6 42 98 61 91 11 27 23 80 35 79 69 72 71 24 88
92 60 41 2 17 100 45 73 96 13 6 42 98 61 91 11 27 23 80 35 79 69 72 71 24 88
92 60 41 2 17 100 45 73 96 13 6 42 98 61 91 11 27 23 80 35 79 69 72 71 24 88
92 60 41 2 17 100 45 73 96 13 6 42 98 61 91 11 27 23 80 35 79 69 72 71 24 88
92 60 41 2 17 100 45 73 96 13 6 42 98 61 91 11 27 23 80 35 79 69 72 71 24 88
92 60 41 2 17 100 45 73 96 13 6 42 98 61 91 11 27 23 80 35 79 69 72 71 24 88
92 60 41 2 17 100 45 73 96 13 6 42 98 61 11 27 23 80 35 79 69 72 71 24 88
92 60 41 2 17 100 45 73 96 13 6 42 98 61 11 27 23 80 35 79 69 72 71 24 88
92 60 41 2 17 100 45 73 96 13 6 42 98 61 11 27 23 80 35 79 69 72 71 24 88
92 60 41 2 17 100 45 73 96 13 6 42 98 61 11 27 23 80 35 79 69 72 71 24 88
92 60 41 2 17 100 45 73 96 13 6 42 98 61 11 27 23 80 35 79 69 72 71 24 88
92 60 41 2 17 100 45 73 96 13 6 42 98 61 11 27 23 80 35 79 69 72 71 24 88
92 60 41 2 17 100 45 73 96 13 6 42 98 61 11 27 23 80 35 79 69 72 71 24 88
92 60 41 2 17 100 45 73 96 13 6 42 98 61 11 27 23 80 35 79 69 72 71 24 88
92 60 41 2 17 100 45 73 96 13 6 42 98 61 11 27 23 80 35 79 69 72 71 24 88
92 60 41 2 17 100 45 73 96 13 6 42 98 61 11 27 23 80 35 79 69 72 71 24 88
92 60 41 2 17 100 45 73 96 13 6 42 98 61 11 27 23 80 35 79 69 72 71 24 88
92 60 41 2 17 100 45 73 96 13 6 42 98 61 11 27 23 80 35 79 69 72 71 24 88
92 60 41 2 17 100 45 73 96 13 6 42 98 61 11 27 23 80 35 79 69 72 71 24 88
92 60 41 2 17 100 45 73 96 13 6 42 98 61 11 27 23 80 35 79 69 72 71 24 88
92 60 41 2 17 100 45 73 96 13 6 42 98 61 11 27 23 80 35 79 69 72 71 24 88
92 60 41 2 17 100 45 73 96 13 6 42 98 61 11 27 23 80 35 79 69 72 71 24 88
92 60 41 2 17 100 45 73 96 13 6 42 98 61 11 27 23 80 35 79 69 72 71 24 88
92 60 41 2 17 100 45 73 96 13 6 42 98 61 11 27 23 80 35 79 69 72 71 24 88
92 60 41 2 17 100 45 73 96 13 6 42 98 61 11 27 23 80 35 79 69 72 71 24 88
92 60 41 2 17 100 45 73 96 13 6 42 98 61 11 27 23 80 35 79 69 72 71 24 88
92 60 41 2 17 100 45 73 96 13 6 42 98 61 11 27 23 80 35 79 69 72 71 24 88
92 60 41 2 17 100 45 73 96 13 6 42 98 61 11 27 23 80 35 79 69 72 71 24 88
92 60 41 2 17 100 45 73 96 13 6 42 98 61 11 27 23 80 35 79 69 72 71 24 88
92 60 41 2 17 100 45 73 96 13 6 42 98 61 11 27 23 80 35 79 69 72 71 24 88
92 60 41 2 17 100 45 73 96 13 6 42 98 61 11 27 23 80 35 79 69 72 71 24 88
92 60 41 2 17 100 45 73 96 13 6 42 98 61 11 27 23 80 35 79 69 72 71 24 88
92 60 41 2 17 100 45 73 96 13 6 42 98 61 11 27 23 80 35 79 69 72 71 24 88
92 60 41 2 17 100 45 73 96 13 6 42 98 61 11 27 23 80 35 79 69 72 71 24 88
92 60 41 2 17 100 45 73 96 13 6 42 98 61 11 27 23 80 35 79 69 72 71 24 88
92 60 41 2 17 100 45 73 96 13 6 42 98 61 11 27 23 80 35 79 69 72 71 24 88
92 60 41 2 17 100 45 73 96 13 6 42 98 61 11 27 23 80 35 79 69 72 71 24 88
92 60 41 2 17 100 45 73 96 13 6 42 98 61 11 27 23 80 35 79 69 72 71 24 88
92 60 41 2 17 100 45 73 96 13 6 42 98 61 11 27 23 80 35 79 69 72 71 24 88
92 60 41 2 17 100 45 73 96 13 6 42 98 61 11 27 23 80 35 79 69 72 71 24 88
92 60 41 2 17 100 45 73 96 13 6 42 98 61 11 27 23 80 35 79 69 72 71 24 88
92 60 41 2 17 100 45 73 96 13 6 42 98 61 11 27 23 80 35 79 69 72 71 24 88
92 60 41 2 17 100 45 73 96 13 6 42 98 61 11 27 23 80 35 79 69 72 71 24 88
92 60 41 2 17 100 45 73 96 13 6 42 98 61 11 27 23 80 35 79 69 72 71 24 88
92 60 41 2 17 100 45 73 96 13 6 42 98 61 11 27 23 80 35 79 69 72 71 24 88
92 60 41 2 17 100 45 73 96 13 6 42 98 61 11 27 23 80 35 79 69 72 71 24 88
92 60 41 2 17 100 45 73 96 13 6 42 98 61 11 27 23 80 35 79 69 72 71 24 88
41 84 68 17 19 33 62 45 90 58 42 15 43 44 32 61 63 85 86 87 40 22 31 65 26 83 80 77 21 69 70 71 66 8 97 64 59 24 53 81
41 84 68 17 19 33 62 45 90 58 42 15 43 44 32 61 63 85 86 87 40 22 31 65 26 83 80 77 21 69 70 71 66 8 97 64 59 24 53 81
41 84 68 17 19 33 62 45 90 58 42 15 43 44 32 61 63 85 86 87 40 22 31 65 26 83 80 77 21 69 70 71 66 8 97 64 59 24 53 81
41 84 68 17 19 33 62 45 90 58 42 15 43 44 32 61 63 85 86 87 40 22 31 65 26 83 80 77 21 69 70 71 66 8 97 64 59 24 53 81
41 84 68 17 19 33 62 45 90 58 42 15 43 44 32 61 63 85 86 87 40 22 31 65 26 83 80 77 21 69 70 71 66 8 97 64 59 24 53 81
41 84 68 17 19 33 62 45 90 58 42 15 43 44 32 61 63 85 86 87 40 22 31 65 26 83 80 77 21 69 70 71 66 8 97 64 59 24 53 81
41 84 68 17 19 33 62 45 90 58 42 15 43 44 32 61 63 85 86 87 40 22 31 65 26 83 80 77 21 69 70 71 66 8 97 64 59 24 53 81
41 84 68 17 19 33 62 45 90 58 42 15 43 44 32 61 63 85 86 87 40 22 31 65 26 83 80 77 21 69 70 71 66 8 97 64 59 24 53 81
41 84 68 17 19 33 62 45 90 58 42 15 43 44 32 61 63 85 86 87 40 22 31 65 26 83 80 77 21 69 70 71 66 8 97 64 59 24 53 81
41 84 68 17 19 33 62 45 90 58 42 15 43 44 32 61 63 85 86 87 40 22 31 65 26 83 80 77 21 69 70 71 66 8 97 64 59 24 53 81
41 84 68 17 19 33 62 45 90 58 42 15 43 44 32 61 63 85 86 87 40 22 31 65 26 83 80 77 21 69 70 71 66 8 97 64 59 24 53 81
41 84 68 17 19 33 62 45 90 58 42 15 43 44 32 61 63 85 86 87 40 22 31 65 26 83 80 77 21 69 70 71 66 8 97 64 59 24 53 81
41 84 68 17 19 33 62 45 90 58 42 15 43 44 32 61 63 85 86 87 40 22 31 65 26 83 80 77 21 69 70 71 66 8 97 64 59 24 53 81
41 84 68 17 19 33 62 45 90 58 42 15 43 44 32 61 63 85 86 87 40 22 31 65 26 83 80 77 21 69 70 71 66 8 97 64 59 24 53 81
41 84 68 17 19 33 62 45 90 58 42 15 43 44 32 61 63 85 86 87 40 22 31 65 26 83 80 77 21 69 70 71 66 8 97 64 59 24 53 81
41 84 68 17 19 33 62 45 90 58 42 15 43 44 32 61 63 85 86 87 40 22 31 65 26 83 80 77 21 69 70 71 66 8 97 64 59 24 53 81
41 84 68 17 19 33 62 45 90 58 42 15 43 44 32 61 63 85 86 87 40 22 31 65 26 83 80 77 21 69 70 71 66 8 97 64 59 24 53 81
41 84 68 17 19 33 62 45 90 58 42 15 43 44 32 61 63 85 86 87 40 22 31 65 26 83 80 77 21 69 70 71 66 8 97 64 59 24 53 81
41 84 68 17 19 33 62 45 90 58 42 15 43 44 32 61 63 85 86 87 40 22 31 65 26 83 80 77 21 69 70 71 66 8 97 64 59 24 53 81
41 84 68 17 19 33 62 45 90 58 42 15 43 44 32 61 63 85 86 87 40 22 31 65 26 83 80 77 21 69 70 71 66 8 97 64 59 24 53 81
41 84 68 17 19 33 62 45 90 58 42 15 43 44 32 61 63 85 86 87 40 22 31 65 26 83 80 77 21 69 70 71 66 8 97 64 59 24 53 81
41 84 68 17 19 33 62 45 90 58 42 15 43 44 32 61 63 85 86 87 40 22 31 65 26 83 80 77 21 69 70 71 66 8 97 64 59 24 53 81
41 84 68 17 19 33 62 45 90 58 42 15 43 44 32 61 63 85 86 87 40 22 31 65 26 83 80 77 21 69 70 71 66 8 97 64 59 24 53 81
41 84 68 17 19 33 62 45 90 58 42 15 43 44 32 61 63 85 86 87 40 22 31 65 26 83 80 77 21 69 70 71 66 8 97 64 59 24 53 81
41 84 68 17 19 33 62 45 90 58 42 15 43 44 32 61 63 85 86 87 40 22 31 65 26 83 80 77 21 69 70 71 66 8 97 64 59 24 53 81
41 60 84 68 17 19 33 62 45 90 58 42 15 43 44 32 61 63 85 86 87 40 22 31 65 26 83 80 77 21 69 70 71 66 8 97 64 59 24 53 81
41 60 84 68 17 19 33 62 45 90 58 42 15 43 44 32 61 63 85 86 87 40 22 31 65 26 83 80 77 21 69 70 71 66 8 97 64 59 24 53 81
41 60 84 68 17 19 33 62 45 90 58 42 15 43 44 32 61 63 85 86 87 40 22 31 65 26 83 80 77 21 69 70 71 66 8 97 64 59 24 53 81
41 60 84 68 17 19 33 62 45 90 58 42 15 43 44 32 61 63 85 86 87 40 22 31 65 26 83 80 77 21 69 70 71 66 8 97 64 59 24 53 81
41 60 84 68 17 19 33 62 45 90 58 42 15 43 44 32 61 63 85 86 87 40 22 31 65 26 83 80 77 21 69 70 71 66 8 97 64 59 24 53 81
41 60 84 68 17 19 33 62 45 90 58 42 15 43 44 32 61 63 85 86 87 40 22 31 65 26 83 80 77 21 69 70 71 66 8 97 64 59 24 53 81
41 60 84 68 17 19 33 62 45 90 58 42 15 43 44 32 61 63 85 86 87 40 22 31 65 26 83 80 77 21 69 70 71 66 8 97 64 59 24 53 81
41 60 84 68 17 19 33 62 45 90 58 42 15 43 44 32 61 63 85 86 87 40 22 31 65 26 83 80 77 21 69 70 71 66 8 97 64 59 24 53 81
41 60 84 68 17 19 33 62 45 90 58 42 15 43 44 32 61 63 85 86 87 40 22 31 65 26 83 80 77 21 69 70 71 66 8 97 64 59 24 53 81
41 60 84 68 17 19 33 62 45 90 58 42 15 43 44 32 61 63 85 86 87 40 22 31 65 26 83 80 77 21 69 70 71 66 8 97 64 59 24 53 81
41 60 84 68 17 19 33 62 45 90 58 42 15 43 44 32 61 63 85 86 87 40 22 31 65 26 83 80 77 21 69 70 71 66 8 97 64 59 24 53 81
41 60 84 68 17 19 33 62 45 90 58 42 15 43 44 32 61 63 85 86 87 40 22 31 65 26 83 80 77 21 69 70 71 66 8 97 64 59 24 53 81
41 60 84 68 17 19 33 62 45 90 58 42 15 43 44 32 61 63 85 86 87 40 22 31 65 26 83 80 77 21 69 70 71 66 8 97 64 59 24 53 81
41 60 84 68 17 19 33 62 45 90 58 42 15 43 44 32 61 63 85 86 87 40 22 31 65 26 83 80 77 21 46 69 70 71 66 8 97 64 59 24 53 81
41 60 84 68 17 19 33 62 45 90 58 42 15 43 44 32 61 63 85 86 87 40 22 31 65 26 83 80 77 21 46 69 70 71 66 8 97 64 59 24 53 81
41 60 84 68 17 19 33 62 45 90 58 42 15 43 44 32 61 63 85 86 87 40 22 31 65 26 83 80 77 21 46 69 70 71 66 8 97 64 59 24 53 81
41 60 84 68 17 19 33 62 45 90 58 42 15 43 44 32 61 63 85 86 87 40 22 31 65 26 83 80 77 21 46 69 70 71 66 8 97 64 59 24 53 81
41 60 84 68 17 19 33 62 45 90 58 42 15 43 44 32 61 63 85 86 87 40 22 31 65 26 83 80 77 21 46 69 70 71 66 8 97 64 59 24 53 81
41 60 84 68 17 19 33 62 45 90 58 42 15 43 44 32 61 63 85 86 87 40 22 31 65 26 83 80 77 21 46 69 70 71 66 8 97 64 59 24 53 81
41 60 84 68 17 19 33 62 45 90 58 42 15 43 44 32 61 63 85 86 87 40 22 31 65 26 83 80 77 21 46 69 70 71 66 8 97 64 59 24 53 81
41 60 84 68 17 19 33 62 45 90 58 42 15 43 44 32 61 63 85 86 87 40 22 31 65 26 83 80 77 21 46 69 70 71 66 8 97 64 59 24 53 81
41 60 84 68 17 19 33 62 45 90 58 42 15 43 44 32 61 63 85 86 87 40 22 31 65 26 83 80 77 21 46 69 70 71 66 8 97 64 59 24 53 81
41 60 84 68 17 19 33 62 45 90 58 42 15 43 44 32 61 63 85 86 87 40 22 31 65 26 83 80 77 21 46 69 70 71 66 8 97 64 59 24 53 81
41 60 84 68 17 19 33 62 45 90 58 42 15 43 44 32 61 63 85 86 87 40 22 31 65 26 83 80 77 21 46 69 70 71 66 8 97 64 59 24 53 81
41 60 84 68 17 19 33 62 45 90 58 42 15 43 44 32 61 63 85 86 87 40 22 31 65 26 83 80 77 21 46 69 70 71 66 8 97 64 59 24 53 81
41 60 84 68 17 19 33 62 45 90 58 42 15 43 44 32 61 63 85 86 87 40 22 31 65 26 83 80 77 21 46 69 70 71 66 8 97 64 59 24 53 81
41 60 84 68 17 19 33 62 45 90 58 42 15 43 44 32 61 63 85 86 87 40 22 31 65 26 83 80 77 21 46 69 70 71 66 8 97 64 59 24 53 81
41 60 84 68 17 19 33 62 45 90 58 42 15 43 44 32 61 63 85 86 87 40 22 31 65 26 83 80 77 21 46 69 70 71 66 8 97 64 59 24 53 81
41 60 84 68 17 19 33 62 45 90 58 42 15 43 44 32 61 63 85 86 87 40 22 31 65 26 83 80 77 21 46 69 70 71 66 8 97 64 59 24 53 81
41 60 84 68 17 19 33 62 45 90 58 42 15 43 44 32 61 63 85 86 87 40 22 31 65 26 83 80 77 21 46 69 70 71 66 8 97 64 59 24 53 81
41 60 84 68 17 19 33 62 45 90 58 42 15 43 44 32 61 63 85 86 87 40 22 31 65 26 83 80 77 21 46 69 70 71 66 8 97 64 59 24 53 81
41 60 84 68 17 19 33 62 45 90 58 42 15 43 44 32 61 63 85 86 87 40 22 31 65 26 83 80 77 21 46 69 70 71 66 8 97 64 59 24 53 81
41 60 84 68 17 19 33 62 45 90 58 42 15 43 44 32 61 63 85 86 87 40 22 31 65 26 83 80 77 21 46 69 70 71 66 8 97 64 59 24 53 81
41 60 84 68 17 19 33 62 45 90 58 42 15 43 44 32 61 63 85 86 87 40 22 31 65 26 83 80 77 21 46 69 70 71 66 8 97 64 59 24 53 81
41 60 84 68 17 19 33 62 45 90 58 42 15 43 44 32 67 61 63 85 86 87 40 22 31 65 26 83 80 77 21 46 69 70 71 66 8 97 64 59 24 53 81
41 60 84 68 17 19 33 62 45 90 58 42 15 43 44 32 67 61 63 85 86 87 40 22 31 65 26 83 80 77 21 46 69 70 71 66 8 97 64 59 24 53 81
41 60 84 68 17 19 33 62 45 90 58 42 15 43 44 32 67 61 63 85 86 87 40 22 31 65 26 83 80 77 21 46 69 70 71 66 8 97 64 59 24 53 81
41 60 84 68 17 19 33 62 45 90 58 42 15 43 44 32 67 61 63 85 86 87 40 22 31 65 26 83 80 77 21 46 69 70 71 66 8 97 64 59 24 53 81
41 60 84 68 17 19 33 62 45 90 58 42 15 43 44 32 67 61 63 85 86 87 40 22 31 65 26 83 80 77 21 46 69 70 71 66 8 97 64 59 24 53 81
41 60 84 68 17 19 33 62 45 90 58 42 15 43 44 32 67 61 63 85 86 87 40 22 31 65 26 83 80 77 21 46 69 70 71 66 8 97 64 59 24 53 81
41 60 84 68 17 19 33 62 45 90 58 42 15 43 44 32 67 61 63 85 86 87 40 22 31 65 26 83 80 77 21 46 69 70 71 66 8 97 64 59 24 53 81
41 60 84 68 17 19 33 62 45 90 58 42 15 43 44 32 67 61 63 85 86 87 40 22 31 65 26 83 80 77 21 46 69 70 71 66 8 97 64 59 24 53 81
41 60 84 68 17 19 33 62 45 90 58 42 15 43 44 32 67 61 63 85 86 87 40 22 31 65 26 83 80 77 21 46 69 70 71 66 8 97 64 59 24 53 81
41 60 84 68 17 19 33 62 45 90 58 42 15 43 44 32 67 61 63 85 86 87 40 22 31 65 26 83 80 77 21 46 69 70 71 66 8 97 64 59 24 53 81
41 60 84 68 17 19 33 62 45 90 58 42 15 43 44 32 67 61 63 85 86 87 40 22 31 65 26 83 80 77 21 46 69 70 71 66 8 97 64 59 24 53 81
41 60 84 68 17 19 33 62 45 90 58 42 15 43 44 32 67 61 63 85 86 87 40 22 31 65 26 83 80 77 21 46 69 70 71 66 8 97 64 59 24 53 81
41 60 84 68 17 19 33 62 45 90 58 42 15 43 44 32 67 61 63 85 86 87 40 22 31 65 26 83 80 77 21 46 69 70 71 66 8 97 64 59 24 53 81
41 60 84 68 17 19 33 62 45 90 58 42 15 43 44 32 67 61 63 85 86 87 40 22 31 65 26 83 80 77 21 46 69 70 71 66 8 97 64 59 24 53 81
41 60 84 68 17 19 33 62 45 90 58 42 15 43 44 32 67 61 63 85 86 87 40 22 31 65 26 83 80 77 21 46 69 70 71 66 8 97 64 59 24 53 81
41 60 84 68 17 19 33 62 45 90 58 42 15 43 44 32 67 61 63 85 86 87 40 22 31 65 26 83 80 77 21 46 69 70 71 66 8 97 64 59 24 53 81
41 60 84 68 17 19 33 62 45 90 58 42 15 43 44 32 67 61 63 85 86 87 40 22 31 65 26 83 80 77 21 46 69 70 71 66 8 97 64 59 24 53 81
41 60 84 68 17 19 33 62 45 90 58 42 15 43 44 32 67 61 63 85 86 87 40 22 31 65 26 83 80 77 21 46 69 70 71 66 8 97 64 59 24 53 81
41 60 84 68 17 19 33 62 45 90 58 42 15 43 44 32 67 61 63 85 86 87 40 22 31 65 26 83 80 77 21 46 69 70 71 66 8 97 64 59 24 53 81
41 60 84 68 17 19 33 62 45 90 58 42 15 43 44 32 67 61 63 85 86 87 40 22 31 65 26 83 80 77 21 46 69 70 71 66 8 97 64 59 24 53 81
41 60 84 68 17 19 33 62 45 90 58 42 15 43 44 32 67 61 63 85 86 87 40 22 31 65 26 83 80 77 21 46 69 70 71 66 8 97 64 59 24 53 81
41 60 84 68 17 19 33 62 45 90 58 42 15 43 44 32 67 61 63 85 86 87 40 22 31 65 26 83 80 77 21 46 69 70 71 66 8 97 64 59 24 53 81
41 60 84 68 17 19 33 62 45 90 58 42 15 43 44 32 67 61 63 85 86 87 40 22 31 65 26 83 80 77 21 46 69 70 71 66 8 97 64 59 24 53 81
41 60 84 68 17 19 33 62 45 90 58 42 15 43 44 32 67 61 63 85 86 87 40 22 31 65 26 83 80 77 21 46 69 70 71 66 8 97 64 59 24 53 81
41 60 84 68 17 19 33 62 45 90 58 42 15 43 44 32 67 61 63 85 86 87 40 22 31 65 26 83 80 77 21 46 69 70 71 66 8 97 64 59 24 53 81
41 60 84 68 17 19 33 62 45 90 58 42 15 43 44 32 67 61 63 85 86 87 40 22 31 65 26 83 80 77 21 46 69 70 71 66 8 97 64 59 24 53 81
41 60 84 68 17 19 33 62 45 90 58 42 15 43 44 32 67 61 63 85 86 87 40 22 31 65 26 83 80 77 21 46 69 70 71 66 8 97 64 59 24 53 81
41 60 84 68 17 19 33 62 45 90 58 42 15 43 44 32 67 61 63 85 86 87 40 22 31 65 26 83 80 77 21 46 69 70 71 66 8 97 64 59 24 53 81
41 60 84 68 17 19 33 62 45 90 58 42 15 43 44 32 67 61 63 85 86 87 40 22 31 65 26 83 80 77 21 46 69 70 71 66 8 97 64 59 24 53 81
41 60 84 68 17 19 33 62 45 90 58 42 15 43 44 32 67 61 63 85 86 87 40 22 31 65 26 83 80 77 21 46 69 70 71 66 8 97 64 59 24 53 81
41 60 84 68 17 19 33 62 45 90 58 42 15 43 44 32 67 61 63 85 86 87 40 22 31 65 26 83 80 77 21 46 69 70 71 66 8 97 64 59 24 53 81
41 60 84 68 17 19 33 62 45 90 58 42 15 43 44 32 67 61 63 85 86 87 40 22 31 65 26 83 80 77 21 46 69 70 71 66 8 97 64 59 24 53 81
41 60 84 68 17 19 33 62 45 90 58 42 15 43 44 32 67 61 63 85 86 87 40 22 31 65 26 83 80 77 21 46 69 70 71 66 8 97 64 59 24 53 81
41 60 84 68 17 19 33 62 45 90 58 42 15 43 44 32 67 61 63 85 86 87 40 22 31 65 26 83 80 77 21 46 69 70 71 66 8 97 64 59 24 53 81
41 60 84 68 17 19 33 62 45 90 58 42 15 43 44 32 67 61 63 85 86 87 40 22 31 65 26 83 80 77 21 46 69 70 71 66 8 97 64 59 24 53 81
41 60 84 68 17 19 33 62 45 90 58 42 15 43 44 32 67 61 63 85 86 87 40 22 31 65 26 83 80 77 21 46 69 70 71 66 8 97 64 59 24 53 81
41 60 84 68 17 19 33 62 45 90 58 42 15 43 44 32 67 61 63 85 86 87 40 22 31 65 26 83 80 77 21 46 69 70 71 66 8 97 64 59 24 53 81
41 60 84 68 17 19 33 62 45 90 58 42 15 43 44 32 67 61 63 85 86 87 40 22 31 65 26 83 80 77 21 46 69 70 71 66 8 97 64 59 24 53 81
41 60 84 68 17 19 33 62 45 90 58 42 15 43 44 32 67 61 63 85 86 87 40 22 31 65 26 83 80 77 21 46 69 70 71 66 8 97 64 59 24 53 81
41 60 84 68 17 19 33 62 45 90 58 42 15 43 44 32 67 61 63 85 86 87 40 22 31 65 26 83 80 77 21 46 69 70 71 66 8 97 64 59 24 53 81
41 60 84 68 17 19 33 62 45 90 58 42 15 43 44 32 67 61 63 85 86 87 40 22 31 65 26 83 80 77 21 46 69 70 71 66 8 97 64 59 24 53 81
41 60 84 68 17 19 33 62 45 90 58 42 15 43 44 32 67 61 63 85 86 87 40 22 31 65 26 83 80 77 21 46 69 70 71 66 8 97 64 59 24 53 81
41 60 84 68 17 19 33 62 45 90 58 42 15 43 44 32 67 61 63 85 86 87 40 22 31 65 26 83 80 77 21 46 69 70 71 66 8 97 64 59 24 53 81
41 60 84 68 17 19 33 62 45 90 58 42 15 43 44 32 67 61 63 85 86 87 40 22 31 65 26 83 80 77 21 46 69 70 71 66 8 97 64 59 24 53 81
41 60 84 68 17 19 33 62 45 90 58 42 15 43 44 32 67 61 63 85 86 87 40 22 31 65 26 83 80 77 21 46 69 70 71 66 8 97 64 59 24 53 81
41 60 84 68 17 19 33 62 45 90 58 42 15 43 44 32 67 61 63 85 86 87 40 22 31 65 26 83 80 77 21 46 69 70 71 66 8 97 64 59 24 53 81
41 60 84 68 17 19 33 62 45 90 58 42 15 43 44 32 67 61 63 85 86 87 40 22 31 65 26 83 80 77 21 46 69 70 71 66 8 97 64 59 24 53 81
41 60 84 68 17 19 33 62 45 90 58 42 15 43 44 32 67 61 63 85 86 87 40 22 31 65 26 83 80 77 21 46 69 70 71 66 8 97 64 59 24 53 81
41 60 84 68 17 19 33 62 45 90 58 42 15 43 44 32 67 61 63 85 86 87 40 22 31 65 26 83 80 77 21 46 69 70 71 66 8 97 64 59 24 53 81
41 60 84 68 17 19 33 62 45 90 58 42 15 43 44 32 67 61 63 85 86 87 40 22 31 65 26 83 80 77 21 46 69 70 71 66 8 97 64 59 24 53 81
41 60 84 68 17 19 33 62 45 90 58 42 15 43 44 32 67 61 63 85 86 87 40 22 31 65 26 83 80 77 21 46 69 70 71 66 8 97 64 59 24 53 81
41 60 84 68 17 19 33 62 45 90 58 42 15 43 44 32 67 61 63 85 86 87 40 22 31 65 26 83 80 77 21 46 69 70 71 66 8 97 64 59 24 53 81
41 60 84 68 17 19 33 62 45 90 58 42 15 43 44 32 67 61 63 85 86 87 40 22 31 65 26 83 80 77 21 46 69 70 71 66 8 97 64 59 24 53 81
41 60 84 68 17 19 33 62 45 90 58 42 15 43 44 32 67 61 63 85 86 87 40 22 31 65 26 83 80 77 21 46 69 70 71 66 8 97 64 59 24 53 81
41 60 84 68 17 19 33 62 45 90 58 42 15 43 44 32 67 61 63 85 86 87 40 22 31 65 26 83 80 77 21 46 69 70 71 66 8 97 64 59 24 53 81
41 60 84 68 17 19 33 62 45 90 58 42 15 43 44 32 67 61 63 85 86 87 40 22 31 65 26 83 80 77 21 46 69 70 71 66 8 97 64 59 24 53 81
41 60 84 68 17 19 33 62 45 90 58 42 15 43 44 32 67 61 63 85 86 87 40 22 31 65 26 83 80 77 21 46 69 70 71 66 8 97 64 59 24 53 81
41 60 84 68 17 19 33 62 45 90 58 42 15 43 44 32 67 61 63 85 86 87 40 22 31 65 26 83 80 77 21 46 69 70 71 66 8 97 64 59 24 53 81
41 60 84 68 17 19 33 62 45 90 58 42 15 43 44 32 67 61 63 85 86 87 40 22 31 65 26 83 80 77 21 46 69 70 71 66 8 97 64 59 24 53 81
41 60 84 68 17 19 33 62 45 90 58 42 15 43 44 32 67 61 63 85 86 87 40 22 31 65 26 83 80 77 21 46 69 70 71 66 8 97 64 59 24 53 81
41 60 84 68 17 19 33 62 45 90 58 42 15 43 44 32 67 61 63 85 86 87 40 22 31 65 26 83 80 77 21 46 69 70 71 66 8 97 64 59 24 53 81
41 60 84 68 17 19 33 62 45 90 58 42 15 43 44 32 67 61 63 85 86 87 40 22 31 65 26 83 80 77 21 46 69 70 71 66 8 97 64 59 24 53 81
41 60 84 68 17 19 33 62 45 90 58 42 15 43 44 32 67 61 63 85 86 87 40 22 31 65 26 83 80 77 21 46 69 70 71 66 8 97 64 59 24 53 81
41 60 84 68 17 19 33 62 45 90 58 42 15 43 44 32 67 61 63 85 86 87 40 22 31 65 26 83 80 77 21 46 69 70 71 66 8 97 64 59 24 53 81
41 60 84 68 17 19 33 62 45 90 58 42 15 43 44 32 67 61 63 85 86 87 40 22 31 65 26 83 80 77 21 46 69 70 71 66 8 97 64 59 24 53 81
41 60 84 68 17 19 33 62 45 90 58 42 15 43 44 32 67 61 63 85 86 87 40 22 31 65 26 83 80 77 21 46 69 70 71 66 8 97 64 59 24 53 81
41 60 84 68 17 19 33 62 45 90 58 42 15 43 44 32 67 61 63 85 86 87 40 22 31 65 26 83 80 77 21 46 69 70 71 66 8 97 64 59 24 53 81
41 60 84 68 17 19 33 62 45 90 58 42 15 43 44 32 67 61 63 85 86 87 40 22 31 65 26 83 80 77 21 46 69 70 71 66 8 97 64 59 24 53 81
41 60 84 68 17 19 33 62 45 90 58 42 15 43 44 32 67 61 63 85 86 87 40 22 31 65 26 83 80 77 21 46 69 70 71 66 8 97 64 59 24 53 81
41 60 84 68 17 19 33 62 45 90 58 42 15 43 44 32 67 61 63 85 86 87 40 22 31 65 26 83 80 77 21 46 69 70 71 66 8 97 64 59 24 53 81
41 60 84 68 17 19 33 62 45 90 58 42 15 43 44 32 67 61 63 85 86 87 40 22 31 65 26 83 80 77 21 46 69 70 71 66 8 97 64 59 24 53 81
41 60 84 68 17 19 33 62 45 90 58 42 15 43 44 32 67 61 63 85 86 87 40 22 31 65 26 83 80 77 21 46 69 70 71 66 8 97 64 59 24 53 81
41 60 84 68 17 19 33 62 45 90 58 42 15 43 44 32 67 61 63 85 86 87 40 22 31 65 26 83 80 77 21 46 69 70 71 66 8 97 64 59 24 53 81
41 60 84 68 17 19 33 62 45 90 58 42 15 43 44 32 67 61 63 85 86 87 40 22 31 65 26 83 80 77 21 46 69 70 71 66 8 97 64 59 24 53 81
41 60 84 68 17 19 33 62 45 90 58 42 15 43 44 32 67 61 63 85 86 87 40 22 31 65 26 83 80 77 21 46 69 70 71 66 8 97 64 59 24 53 81
41 60 84 68 17 19 33 62 45 90 58 42 15 43 44 32 67 61 63 85 86 87 40 22 31 65 26 83 80 77 21 46 69 70 71 66 8 97 64 59 24 53 81
41 60 84 68 17 19 33 62 45 90 58 42 15 43 44 32 67 61 63 85 86 87 40 22 31 65 26 83 80 77 21 46 69 70 71 66 8 97 64 59 24 53 81
41 60 84 68 17 19 33 62 45 90 58 42 15 43 44 32 67 61 63 85 86 87 40 22 31 65 26 83 80 77 21 46 69 70 71 66 8 97 64 59 24 53 81
41 60 84 68 17 19 33 62 45 90 58 42 15 43 44 32 67 61 63 85 86 87 40 22 31 65 26 83 80 77 21 46 69 70 71 66 8 97 64 59 24 53 81
41 60 84 68 17 19 33 62 45 90 58 42 15 43 44 32 67 61 63 85 86 87 40 22 31 65 26 83 80 77 21 46 69 70 71 66 8 97 64 59 24 53 81
41 60 84 68 17 19 33 62 45 90 58 42 15 43 44 32 67 61 63 85 86 87 40 22 31 65 26 83 80 77 21 46 69 70 71 66 8 97 64 59 24 53 81
41 60 84 68 17 19 33 62 45 90 58 42 15 43 44 32 67 61 63 85 86 87 40 22 31 65 26 83 80 77 21 46 69 70 71 66 8 97 64 59 24 53 81
41 60 84 68 17 19 33 62 45 90 58 42 15 43 44 32 67 61 63 85 86 87 40 22 31 65 26 83 80 77 21 46 69 70 71 66 8 97 64 59 24 53 81
41 60 84 68 17 19 33 62 45 90 58 42 15 43 44 32 67 61 63 85 86 87 40 22 31 65 26 83 80 77 21 46 69 70 71 66 8 97 64 59 24 53 81
41 60 84 68 17 19 33 62 45 90 58 42 15 43 44 32 67 61 63 85 86 87 40 22 31 65 26 83 80 77 21 46 69 70 71 66 8 97 64 59 24 53 81
41 60 84 68 17 19 33 62 45 90 58 42 15 43 44 32 67 61 63 85 86 87 40 22 31 65 26 83 80 77 21 46 69 70 71 66 8 97 64 59 24 53 81
41 60 84 68 17 19 33 62 45 90 58 42 15 43 44 32 67 61 63 85 86 87 40 22 31 65 26 83 80 77 21 46 69 70 71 66 8 97 64 59 24 53 81
41 60 84 68 17 19 33 62 45 90 58 42 15 43 44 32 67 61 63 85 86 87 40 22 31 65 26 83 80 77 21 46 69 70 71 66 8 97 64 59 24 53 81
41 60 84 68 17 19 33 62 45 90 58 42 15 43 44 32 67 61 63 85 86 87 40 22 31 65 26 83 80 77 21 46 69 70 71 66 8 97 64 59 24 53 81
41 60 84 68 17 19 33 62 45 90 58 42 15 43 44 32 67 61 63 85 86 87 40 22 31 65 26 83 80 77 21 46 69 70 71 66 8 97 64 59 24 53 81
41 60 84 68 17 19 33 62 45 90 58 42 15 43 44 32 67 61 63 85 86 87 40 22 31 65 26 83 80 77 21 46 69 70 71 66 8 97 64 59 24 53 81
41 60 84 68 17 19 33 62 45 90 58 42 15 43 44 32 67 61 63 85 86 87 40 22 31 65 26 83 80 77 21 46 69 70 71 66 8 97 64 59 24 53 81
41 60 84 68 17 19 33 62 45 90 58 42 15 43 44 32 67 61 63 85 86 87 40 22 31 65 26 83 80 77 21 46 69 70 71 66 8 97 64 59 24 53 81
41 60 84 68 17 19 33 62 45 90 58 42 15 43 44 32 67 61 63 85 86 87 40 22 31 65 26 83 80 77 21 46 69 70 71 66 8 97 64 59 24 53 81
41 60 84 68 17 19 33 62 45 90 58 42 15 43 44 32 67 61 63 85 86 87 40 22 31 65 26 83 80 77 21 46 69 70 71 66 8 97 64 59 24 53 81
41 60 84 68 17 19 33 62 45 90 58 42 15 43 44 32 67 61 63 85 86 87 40 22 31 65 26 83 80 77 21 46 69 70 71 66 8 97 64 59 24 53 81
41 60 84 68 17 19 33 62 45 90 58 42 15 43 44 32 67 61 63 85 86 87 40 22 31 65 26 83 80 77 21 46 69 70 71 66 8 97 64 59 24 53 81
41 60 84 68 17 19 33 62 45 90 58 42 15 43 44 32 67 61 63 85 86 87 40 22 31 65 26 83 80 77 21 46 69 70 71 66 8 97 64 59 24 53 81
41 60 84 68 17 19 33 62 45 90 58 42 15 43 44 32 67 61 63 85 86 87 40 22 31 65 26 83 80 77 21 46 69 70 71 66 8 97 64 59 24 53 81
41 60 84 68 17 19 33 62 45 90 58 42 15 43 44 32 67 61 63 85 86 87 40 22 31 65 26 83 80 77 21 46 69 70 71 66 8 97 64 59 24 53 81
41 60 84 68 17 19 33 62 45 90 58 42 15 43 44 32 67 61 63 85 86 87 40 22 31 65 26 83 80 77 21 46 69 70 71 66 8 97 64 59 24 53 81
41 60 84 68 17 19 33 62 45 90 58 42 15 43 44 32 67 61 63 85 86 87 40 22 31 65 26 83 80 77 21 46 69 70 71 66 8 97 64 59 24 53 81
41 60 84 68 17 19 33 62 45 90 58 42 15 43 44 32 67 61 63 85 86 87 40 22 31 65 26 83 80 77 21 46 69 70 71 66 8 97 64 59 24 53 81
41 60 84 68 17 19 33 62 45 90 58 42 15 43 44 32 67 61 63 85 86 87 40 22 31 65 26 83 80 77 21 46 69 70 71 66 8 97 64 59 24 53 81
41 60 84 68 17 19 33 62 45 90 58 42 15 43 44 32 67 61 63 85 86 87 40 22 31 65 26 83 80 77 21 46 69 70 71 66 8 97 64 59 24 53 81
41 60 84 68 17 19 33 62 45 90 58 42 15 43 44 32 67 61 63 85 86 87 40 22 31 65 26 83 80 77 21 46 69 70 71 66 8 97 64 59 24 53 81
41 60 84 68 17 19 33 62 45 90 58 42 15 43 44 32 67 61 63 85 86 87 40 22 31 65 26 83 80 77 21 46 69 70 71 66 8 97 64 59 24 53 81
41 60 84 68 17 19 33 62 45 90 58 42 15 43 44 32 67 61 63 85 86 87 40 22 31 65 26 83 80 77 21 46 69 70 71 66 8 97 64 59 24 53 81
41 60 84 68 17 19 33 62 45 90 58 42 15 43 44 32 67 61 63 85 86 87 40 22 31 65 26 83 80 77 21 46 69 70 71 66 8 97 64 59 24 53 81
41 60 84 68 17 19 33 62 45 90 58 42 15 43 44 32 67 61 63 85 86 87 40 22 31 65 26 83 80 77 21 46 69 70 71 66 8 97 64 59 24 53 81
41 60 84 68 17 19 33 62 45 90 58 42 15 43 44 32 67 61 63 85 86 87 40 22 31 65 26 83 80 77 21 46 69 70 71 66 8 97 64 59 24 53 81
41 60 84 68 17 19 33 62 45 90 58 42 15 43 44 32 67 61 63 85 86 87 40 22 31 65 26 83 80 77 21 46 69 70 71 66 8 97 64 59 24 53 81
41 60 84 68 17 19 33 62 45 90 58 42 15 43 44 32 67 61 63 85 86 87 40 22 31 65 26 83 80 77 21 46 69 70 71 66 8 97 64 59 24 53 81
41 60 84 68 17 19 33 62 45 90 58 42 15 43 44 32 67 61 63 85 86 87 40 22 31 65 26 83 80 77 21 46 69 70 71 66 8 97 64 59 24 53 81
41 60 84 68 17 19 33 62 45 90 58 42 15 43 44 32 67 61 63 85 86 87 40 22 31 65 26 83 80 77 21 46 69 70 71 66 8 97 64 59 24 53 81
41 60 84 68 17 19 33 62 45 90 58 42 15 43 44 32 67 61 63 85 86 87 40 22 31 65 26 83 80 77 21 46 69 70 71 66 8 97 64 59 24 53 81
41 60 84 68 17 19 33 62 45 90 58 42 15 43 44 32 67 61 63 85 86 87 40 22 31 65 26 83 80 77 21 46 69 70 71 66 8 97 64 59 24 53 81
41 60 84 68 17 19 33 62 45 90 58 42 15 43 44 32 67 61 63 85 86 87 40 22 31 65 26 83 80 77 21 46 69 70 71 66 8 97 64 59 24 53 81
41 60 84 68 17 19 33 62 45 90 58 42 15 43 44 32 67 61 63 85 86 87 40 22 31 65 26 83 80 77 21 46 69 70 71 66 8 97 64 59 24 53 81
41 60 84 68 17 19 33 62 45 90 58 42 15 43 44 32 67 61 63 85 86 87 40 22 31 65 26 83 80 77 21 46 69 70 71 66 8 97 64 59 24 53 81
41 60 84 68 17 19 33 62 45 90 58 42 15 43 44 32 67 61 63 85 86 87 40 22 31 65 26 83 80 77 21 46 69 70 71 66 8 97 64 59 24 53 81
41 60 84 68 17 19 33 62 45 90 58 42 15 43 44 32 67 61 63 85 86 87 40 22 31 65 26 83 80 77 21 46 69 70 71 8 97 64 59 24 53 81
41 60 84 68 17 19 33 62 45 90 58 42 15 43 44 32 67 61 63 85 86 87 40 22 31 65 26 83 80 77 21 46 69 70 71 8 97 64 59 24 53 81
41 60 84 68 17 19 33 62 45 90 58 42 15 43 44 32 67 61 63 85 86 87 40 22 31 65 26 83 80 77 21 46 69 70 71 8 97 64 59 24 53 81
41 60 84 68 17 19 33 62 45 90 58 42 15 43 44 32 67 61 63 85 86 87 40 22 31 65 26 83 80 77 21 46 69 70 71 8 97 64 59 24 53 81
41 60 84 68 17 19 33 62 45 90 58 42 15 43 44 32 67 61 63 85 86 87 40 22 31 65 26 83 80 77 21 46 69 70 71 8 97 64 59 24 53 81
41 60 84 68 17 19 33 62 45 90 58 42 15 43 44 32 67 61 63 85 86 87 40 22 31 65 26 83 80 77 21 46 69 70 71 8 97 64 59 24 53 81
41 60 84 68 17 19 33 62 45 90 58 42 15 43 44 32 67 61 63 85 86 87 40 22 31 65 26 83 80 77 21 46 69 70 71 8 97 64 59 24 53 81
41 60 84 68 17 19 33 62 45 90 58 42 15 43 44 32 67 61 63 85 86 87 40 22 31 65 26 83 80 77 21 46 69 70 71 8 97 64 59 24 53 81
41 60 84 68 17 19 33 62 45 90 58 42 15 43 44 32 67 61 63 85 86 87 40 22 31 65 26 83 80 77 21 46 69 70 71 8 97 64 59 24 53 81
41 60 84 68 17 19 33 62 45 90 58 42 15 43 44 32 67 61 63 85 86 87 40 22 31 65 26 83 80 77 21 46 69 70 71 8 97 64 59 24 53 81
41 60 84 68 17 19 33 62 45 90 58 42 15 43 44 32 67 61 63 85 86 87 40 22 31 65 26 83 80 77 21 46 69 70 71 8 97 64 59 24 53 81
41 60 84 68 17 19 33 62 45 90 58 42 15 43 44 98 32 67 61 63 85 86 87 40 22 31 65 26 83 80 77 21 46 69 70 71 8 97 64 59 24 53 81
41 60 84 68 17 19 33 62 45 90 58 42 15 43 44 98 32 67 61 63 85 86 87 40 22 31 65 26 83 80 77 21 46 69 70 71 8 97 64 59 24 53 81
41 60 84 68 17 19 33 62 45 90 58 42 15 43 44 98 32 67 61 63 85 86 87 40 22 31 65 26 83 80 77 21 46 69 70 71 8 97 64 59 24 53 81
41 60 84 68 17 19 33 62 45 90 58 42 15 43 44 98 32 67 61 63 85 86 87 40 22 31 65 26 83 80 77 21 46 69 70 71 8 97 64 59 24 53 81
41 60 84 68 17 19 33 62 45 90 58 42 15 43 44 98 32 67 61 63 85 86 87 40 22 31 65 26 83 80 77 21 46 69 70 71 8 97 64 59 24 53 81
41 60 84 68 17 19 33 62 45 90 58 42 15 43 44 98 32 67 61 63 85 86 87 40 22 31 65 26 83 80 77 21 46 69 70 71 8 97 64 59 24 53 81
41 60 84 68 17 19 33 62 45 90 58 42 15 43 44 98 32 67 61 63 85 86 87 40 22 31 65 26 83 80 77 21 46 69 70 71 8 97 64 59 24 53 81
41 60 84 68 17 19 33 62 45 90 58 42 15 43 44 98 32 67 61 63 85 86 87 40 22 31 65 26 83 80 77 21 46 69 70 71 8 97 64 59 24 53 81
41 60 84 68 17 19 33 62 45 90 58 42 15 43 44 98 32 67 61 63 85 86 87 40 22 31 65 26 83 80 77 21 46 69 70 71 8 97 64 59 24 53 81
41 60 84 68 17 19 33 62 45 90 58 42 15 43 44 98 32 67 61 63 85 86 87 40 22 31 65 26 83 80 77 21 46 69 70 71 8 97 64 59 24 53 81
41 60 84 68 17 19 33 62 45 90 58 42 15 43 44 98 32 67 61 63 85 86 87 40 22 31 65 26 83 80 77 21 46 69 70 71 8 97 64 59 24 53 81
41 60 84 68 17 19 33 62 45 90 58 42 15 43 44 98 32 67 61 63 85 86 87 40 22 31 65 26 83 80 77 21 46 69 70 71 8 97 64 59 24 53 81
41 60 84 68 17 19 33 62 45 90 58 42 15 43 44 98 32 67 61 63 85 86 87 40 22 31 65 26 83 80 77 21 46 69 70 71 8 97 64 59 24 53 81
41 60 84 68 17 19 33 62 45 90 58 42 15 43 44 98 32 67 61 63 85 86 87 40 22 31 65 26 83 80 77 21 46 69 70 71 8 97 64 59 24 53 81
41 60 84 68 17 19 33 62 45 90 58 42 15 43 44 98 32 67 61 63 85 86 87 40 22 31 65 26 83 80 77 21 46 69 70 71 8 97 64 59 24 53 81
41 60 84 68 17 19 33 62 45 90 58 42 15 43 44 98 32 67 61 63 85 86 87 40 22 31 65 26 83 80 77 21 46 69 70 71 8 97 64 59 24 53 81
41 60 84 68 17 19 33 62 45 90 58 42 15 43 44 98 32 67 61 63 85 86 87 40 22 31 65 26 83 80 77 21 46 69 70 71 8 97 64 59 24 53 81
41 60 84 68 17 19 33 62 45 90 58 42 15 43 44 98 32 67 61 63 85 86 87 40 22 31 65 26 83 80 77 21 46 69 70 71 8 97 64 59 24 53 81
41 60 84 68 17 19 33 62 45 90 58 42 15 43 44 98 32 67 61 63 85 86 87 40 22 31 65 26 83 80 77 21 46 69 70 71 8 97 64 59 24 53 81
41 60 84 68 17 19 33 62 45 90 58 42 15 43 44 98 32 67 61 63 85 86 87 40 22 31 65 26 83 80 77 21 46 69 70 71 8 97 64 59 24 53 81
41 60 84 68 17 19 33 62 45 90 58 42 15 43 44 98 32 67 61 63 85 86 87 40 22 31 65 26 83 80 77 21 46 69 70 71 8 97 64 59 24 53 81
41 60 84 68 17 19 33 62 45 90 58 42 15 43 44 98 32 67 61 63 85 86 87 40 22 31 65 26 83 80 77 21 46 69 70 71 8 97 64 59 24 53 81
41 60 84 68 17 19 33 62 45 90 58 42 15 43 44 98 32 67 61 63 85 86 87 40 22 31 65 26 83 80 77 21 46 69 70 71 8 97 64 59 24 53 81
41 60 84 68 17 19 33 62 45 90 58 42 15 43 44 98 32 67 61 63 85 86 87 40 22 31 65 26 83 80 77 21 46 69 70 71 8 97 64 59 24 53 81
41 60 84 68 17 19 33 62 45 90 58 42 15 43 44 98 32 67 61 63 85 86 87 40 22 31 65 26 83 80 77 21 46 69 70 71 8 97 64 59 24 53 81
41 60 84 68 17 19 33 62 45 90 58 42 15 43 44 98 32 67 61 63 85 86 87 40 22 31 65 26 83 80 77 21 46 69 70 71 8 97 64 59 24 53 81
41 60 84 68 17 19 33 62 45 90 58 42 15 43 44 98 32 67 61 63 85 86 87 40 22 31 65 26 83 80 77 21 46 69 70 71 8 97 64 59 24 53 81
41 60 84 68 17 19 33 62 45 90 58 42 15 43 44 98 32 67 61 63 85 86 87 40 22 31 65 26 83 80 77 21 46 69 70 71 8 97 64 59 24 53 81
41 60 84 68 17 19 33 62 45 90 58 42 15 43 44 98 32 67 61 63 85 86 87 40 22 31 65 26 83 80 77 21 46 69 70 71 8 97 64 59 24 53 81
41 60 84 68 17 19 33 62 45 90 58 42 15 43 44 98 32 67 61 63 85 86 87 40 22 31 65 26 83 80 77 21 46 69 70 71 8 97 64 59 24 53 81
41 60 84 68 17 19 33 62 45 90 58 42 15 43 44 98 32 67 61 63 85 86 87 40 22 31 65 26 83 80 77 21 46 69 70 71 8 97 64 59 24 53 81
41 60 84 68 17 19 33 62 45 90 58 42 15 43 44 98 32 67 61 63 85 86 87 40 22 31 65 26 83 80 77 21 46 69 70 71 8 97 64 59 24 53 81
41 60 84 68 17 19 33 62 45 90 58 42 15 43 44 98 32 67 61 63 85 86 87 40 22 31 65 26 83 80 77 21 46 69 70 71 8 97 64 59 24 53 81
41 60 84 68 17 19 33 62 45 90 58 42 15 43 44 98 32 67 61 63 85 86 87 40 22 31 65 26 83 80 77 21 46 69 70 71 8 97 64 59 24 53 81
41 60 84 68 17 19 33 62 45 90 58 42 15 43 44 98 32 67 61 63 85 86 87 40 22 31 65 26 83 80 77 21 46 69 70 71 8 97 64 59 24 53 81
41 60 84 68 17 19 33 62 45 90 58 42 15 43 44 98 32 67 61 63 85 86 87 40 22 31 65 26 83 80 77 21 46 69 70 71 8 97 64 59 24 53 81
41 60 84 68 17 19 33 62 45 90 58 42 15 43 44 98 32 67 61 63 85 86 87 40 22 31 65 26 83 80 77 21 46 69 70 71 8 97 64 59 24 53 81
41 60 84 68 17 19 33 62 45 90 58 42 15 43 44 98 32 67 61 63 85 86 87 40 22 31 65 26 83 80 77 21 46 69 70 71 8 97 64 59 24 53 81
41 60 84 68 17 19 33 62 45 90 58 42 15 43 44 98 32 67 61 63 85 86 87 40 22 31 65 26 83 80 77 21 46 69 70 71 8 97 64 59 24 53 81
41 60 84 68 17 19 33 62 45 90 58 42 15 43 44 98 32 67 61 63 85 86 87 40 22 31 65 26 83 80 77 21 46 69 70 71 8 97 64 59 24 53 81
41 60 84 68 17 19 33 62 45 90 58 42 15 43 44 98 32 67 61 63 85 86 87 40 22 31 65 26 83 80 77 21 46 69 70 71 8 97 64 59 24 53 81
41 60 84 68 17 19 33 62 45 90 58 42 15 43 44 98 32 67 61 63 85 86 87 40 22 31 65 26 83 80 77 21 46 69 70 71 8 97 64 59 24 53 81
41 60 84 68 17 19 33 62 45 90 58 42 15 43 44 98 32 67 61 63 85 86 87 40 22 31 65 26 83 80 77 21 46 69 70 71 8 97 64 59 24 53 81
41 60 84 68 17 19 33 62 45 90 58 42 15 43 44 98 32 67 61 63 85 86 87 40 22 31 65 26 83 80 77 21 46 69 70 71 8 97 64 59 24 53 81
41 60 84 68 17 19 33 62 45 90 58 42 15 43 44 98 32 67 61 63 85 86 87 40 22 31 65 26 83 80 77 21 46 69 70 71 8 97 64 59 24 53 81
41 60 84 68 17 19 33 62 45 90 58 42 15 43 44 98 32 67 61 63 85 86 87 40 22 31 65 26 83 80 77 21 46 69 70 71 8 97 64 59 24 53 81
41 60 84 68 17 19 33 62 45 90 58 42 15 43 44 98 32 67 61 63 85 86 87 40 22 31 65 26 83 80 77 21 46 69 70 71 8 97 64 59 24 53 81
41 60 84 68 17 19 33 62 45 90 58 42 15 43 44 98 32 67 61 63 85 86 87 40 22 31 65 26 83 80 77 21 46 69 70 71 8 97 64 59 24 53 81
41 60 84 68 17 19 33 62 45 90 58 42 15 43 44 98 32 67 61 63 85 86 87 40 22 31 65 26 83 80 77 21 46 69 70 71 8 97 64 59 24 53 81
41 60 84 68 17 19 33 62 45 90 58 42 15 43 44 98 32 67 61 63 85 86 87 40 22 31 65 26 83 80 77 21 46 69 70 71 8 97 64 59 24 53 81
41 60 84 68 17 19 33 62 45 90 58 42 15 43 44 98 32 67 61 63 85 86 87 40 22 31 65 26 83 80 77 21 46 69 70 71 8 97 64 59 24 53 81
41 60 84 68 17 19 33 62 45 90 58 42 15 43 44 98 32 67 61 63 85 86 87 40 22 31 65 26 83 80 77 21 46 69 70 71 8 97 64 59 24 53 81
41 60 84 68 17 19 33 62 45 90 58 42 15 43 44 98 32 67 61 63 85 86 87 40 22 31 65 26 83 80 77 21 46 69 70 71 8 97 64 59 24 53 81
41 60 84 68 17 19 33 62 45 90 58 42 15 43 44 98 32 67 61 63 85 87 40 22 31 65 26 83 80 77 21 46 69 70 71 8 97 64 59 24 53 81
41 60 84 68 17 19 33 62 45 90 58 42 15 43 44 98 32 67 61 63 85 87 40 22 31 65 26 83 80 77 21 46 69 70 71 8 97 64 59 24 53 81
41 60 84 68 17 19 33 62 45 90 58 42 15 43 44 98 32 67 61 63 85 87 40 22 31 65 26 83 80 77 21 46 69 70 71 8 97 64 59 24 53 81
41 60 84 68 17 19 33 62 45 90 58 42 15 43 44 98 32 67 61 63 85 87 40 22 31 65 26 83 80 77 21 46 69 70 71 8 97 64 59 24 53 81
41 60 84 68 17 19 33 62 45 90 58 42 15 43 44 98 32 67 61 63 85 87 40 22 31 65 26 83 80 77 21 46 69 70 71 8 97 64 59 24 53 81
41 60 84 68 17 19 33 62 45 90 58 42 15 43 44 98 32 67 61 63 85 87 40 22 31 65 26 83 80 77 21 46 69 70 71 8 97 64 59 24 53 81
41 60 84 68 17 19 33 62 45 90 58 42 15 43 44 98 32 67 61 63 85 87 40 22 31 65 26 83 80 77 21 46 69 70 71 8 97 64 59 24 53 81
41 60 84 68 17 19 33 62 45 90 58 42 15 43 44 98 32 67 61 63 85 87 40 22 31 65 26 83 80 77 21 46 69 70 71 8 97 64 59 24 53 81
41 60 84 68 17 19 33 62 45 90 58 42 15 43 44 98 32 67 61 63 85 87 40 22 31 65 26 83 80 77 21 46 69 70 71 8 97 64 59 24 53 81
41 60 84 68 17 19 33 62 45 90 58 42 15 43 44 98 32 67 61 63 85 87 40 22 31 65 26 83 80 77 21 46 69 70 71 8 97 64 59 24 53 81
41 60 84 68 17 19 33 62 45 90 58 42 15 43 44 98 32 67 61 63 85 87 40 22 31 65 26 83 80 77 21 46 69 70 71 8 97 64 59 24 53 81
41 60 84 68 17 19 33 62 45 90 58 42 15 43 44 98 32 67 61 63 85 87 40 22 31 65 26 83 80 77 21 46 69 70 71 8 97 64 59 24 53 81
41 60 84 68 17 19 33 62 45 90 58 42 15 43 44 98 32 67 61 63 85 87 40 22 31 65 26 83 80 77 21 46 69 70 71 8 97 64 59 24 53 81
41 60 84 68 17 19 33 62 45 90 58 42 15 43 44 98 32 67 61 63 85 87 40 22 31 65 26 83 80 77 21 46 69 70 71 8 97 64 59 24 53 81
41 60 84 68 17 19 33 62 45 90 58 42 15 43 44 98 32 67 61 63 85 87 40 22 31 65 26 83 80 77 21 46 69 70 71 8 97 64 59 24 53 81
41 60 84 68 17 19 33 62 45 90 58 42 15 43 44 98 32 67 61 63 85 87 40 22 31 65 26 83 80 77 21 46 69 70 71 8 97 64 59 24 53 81
41 60 84 68 17 19 33 62 45 90 58 42 15 43 44 98 32 67 61 63 85 87 40 22 31 65 26 83 80 77 21 46 69 70 71 8 97 64 59 24 53 81
41 60 84 68 17 19 33 62 45 90 58 42 15 43 44 98 32 67 61 63 85 87 40 22 31 65 26 83 80 77 21 46 69 70 71 8 97 64 59 24 53 81
41 60 84 68 17 19 33 62 45 90 58 42 15 43 44 98 32 67 61 63 85 87 40 22 31 65 26 83 80 77 21 46 69 70 71 8 97 64 59 24 53 81
41 60 84 68 17 19 33 62 45 90 58 42 15 43 44 98 32 67 61 63 85 87 40 22 31 65 26 83 80 77 21 46 69 70 71 8 97 64 59 24 53 81
41 60 84 68 17 19 33 62 45 90 58 42 15 43 44 98 32 67 61 63 85 87 40 22 31 65 26 83 80 77 21 46 69 70 71 8 97 64 59 24 53 81
41 60 84 68 17 19 33 62 45 90 58 42 15 43 44 98 32 67 61 63 85 87 40 22 31 65 26 83 80 77 21 46 69 70 71 8 97 64 59 24 53 81
41 60 84 68 17 19 33 62 45 90 58 42 15 43 44 98 32 67 61 63 85 87 40 22 31 65 26 83 80 77 21 46 69 70 71 8 97 64 59 24 53 81
41 60 84 68 17 19 33 62 45 90 58 42 15 43 44 98 32 67 61 63 85 87 40 22 31 65 26 83 80 77 21 46 69 70 71 8 97 64 59 24 53 81
41 60 84 68 17 19 33 62 45 90 58 42 15 43 44 98 32 67 61 63 85 87 40 22 31 65 26 83 80 77 21 46 69 70 71 8 97 64 59 24 53 81
41 60 84 68 17 19 33 62 45 90 58 42 15 43 44 98 32 67 61 63 85 87 40 22 31 65 26 83 80 77 21 46 69 70 71 8 97 64 59 24 53 81
41 60 84 68 17 19 33 62 45 90 58 42 15 43 44 98 32 67 61 63 85 87 40 22 31 65 26 83 80 77 21 46 69 70 71 8 97 64 59 24 53 81
41 60 84 68 17 19 33 62 45 90 58 42 15 43 44 98 32 67 61 63 85 87 40 22 31 65 26 83 80 77 21 46 69 70 71 8 97 64 59 24 53 81
41 60 84 68 17 19 33 62 45 90 58 42 15 43 44 98 32 67 61 63 85 87 40 22 31 65 26 83 80 77 21 46 69 70 71 8 97 64 59 24 53 81
41 60 84 68 17 19 33 62 45 90 58 42 15 43 44 98 32 67 61 63 85 87 40 22 31 65 26 83 80 77 21 46 69 70 71 8 97 64 59 24 53 81
41 60 84 68 17 19 33 62 45 90 58 42 15 43 44 98 32 67 61 63 85 87 40 22 31 65 26 83 80 77 21 46 69 70 71 8 97 64 59 24 53 81
41 60 84 68 17 19 33 62 45 90 58 42 15 43 44 98 32 67 61 63 85 87 40 22 31 65 26 83 80 77 21 46 69 70 71 8 97 64 59 24 53 81
41 60 84 68 17 19 33 62 45 90 58 42 15 43 44 98 32 67 61 63 85 87 40 22 31 65 26 83 80 77 21 46 69 70 71 8 97 64 59 24 53 81
41 60 84 68 17 19 33 62 45 90 58 42 15 43 44 98 32 67 61 63 85 87 40 22 31 65 26 83 80 77 21 46 69 70 71 8 97 64 59 24 53 81
41 60 84 68 17 19 33 62 45 90 58 42 15 43 44 98 32 67 61 63 85 87 40 22 31 65 26 83 80 77 21 46 69 70 71 8 97 64 59 24 53 81
41 60 84 68 17 19 33 62 45 90 58 42 15 43 44 98 32 67 61 63 85 87 40 22 31 65 26 83 80 77 21 46 69 70 71 8 97 64 59 24 53 81
41 60 84 68 17 19 33 62 45 90 58 42 15 43 44 98 32 67 61 63 85 87 40 22 31 65 26 83 80 77 21 46 69 70 71 8 97 64 59 24 53 81
41 60 84 68 17 19 33 62 45 90 58 42 15 43 44 98 32 67 61 63 85 87 40 22 31 65 26 83 80 77 21 46 69 70 71 8 97 64 59 24 53 81
41 60 84 68 17 19 33 62 45 90 58 42 15 43 44 98 32 67 61 63 85 87 40 22 31 65 26 83 80 77 21 46 69 70 71 8 97 64 59 24 53 81
41 60 84 68 17 19 33 62 45 90 58 42 15 43 44 98 32 67 61 63 85 87 40 22 31 65 26 83 80 77 21 46 69 70 71 8 97 64 59 24 53 81
41 60 84 68 17 19 33 62 45 90 58 42 15 43 44 98 32 67 61 63 85 87 40 22 31 65 26 83 80 77 21 46 69 70 71 8 97 64 59 24 53 81
41 60 84 68 17 19 33 62 45 90 58 42 15 43 44 98 32 67 61 63 85 87 40 22 31 65 26 83 80 77 21 46 69 70 71 8 97 64 59 24 53 81
41 60 84 68 17 19 33 62 45 90 58 42 15 43 44 98 32 67 61 63 85 87 40 22 31 65 26 83 80 77 21 46 69 70 71 8 97 64 59 24 53 81
41 60 84 68 17 19 33 62 45 90 58 42 15 43 44 98 32 67 61 63 85 87 40 22 31 65 26 83 80 77 21 46 69 70 71 8 97 64 59 24 53 81
41 60 84 68 17 19 33 62 45 90 58 42 15 43 44 98 32 67 61 63 85 87 40 22 31 65 26 83 80 77 21 46 69 70 71 8 97 64 59 24 53 81
41 60 84 68 17 19 33 62 45 90 58 42 15 43 44 98 32 67 61 63 85 87 40 22 31 65 26 83 80 77 21 46 69 70 71 8 97 64 59 24 53 81
41 60 84 68 17 19 33 62 45 90 58 42 15 43 44 98 32 67 61 63 85 87 40 22 31 65 26 83 80 77 21 46 69 70 71 8 97 64 59 24 53 81
41 60 84 68 17 19 33 62 45 90 58 42 15 43 44 98 32 67 61 63 85 87 40 22 31 65 26 83 80 77 21 46 69 70 71 8 97 64 59 24 53 81
41 60 84 68 17 19 33 62 45 90 58 42 15 43 44 98 32 67 61 63 85 87 40 22 31 65 26 83 80 77 21 46 69 70 71 8 97 64 59 24 53 81
41 60 84 68 17 19 33 62 45 90 58 42 15 43 44 98 32 67 61 63 85 87 40 22 31 65 26 83 80 77 21 46 69 70 71 8 97 64 59 24 53 81
41 60 84 68 17 19 33 62 45 90 58 42 15 43 44 98 32 67 61 63 85 87 40 22 31 65 26 83 80 77 21 46 69 70 71 8 97 64 59 24 53 81
41 60 84 68 17 19 33 62 45 90 58 42 15 43 44 98 32 67 61 63 85 87 40 22 31 65 26 83 80 77 21 46 69 70 71 8 97 64 59 24 53 81
41 60 84 68 17 19 33 62 45 90 58 42 15 43 44 98 32 67 61 63 85 87 40 22 31 65 26 83 80 77 21 46 69 70 71 8 97 64 59 24 53 81
41 60 84 68 17 19 33 62 45 90 58 42 15 43 44 98 32 67 61 63 85 87 40 22 31 65 26 83 80 77 21 46 69 70 71 8 97 64 59 24 53 81
41 60 84 68 17 19 33 62 45 90 58 42 15 43 44 98 32 67 61 63 85 87 40 22 31 65 26 83 80 77 21 46 69 70 71 8 97 64 59 24 53 81
41 60 84 68 17 19 33 62 45 90 58 42 15 43 44 98 32 67 61 63 85 87 40 22 31 65 26 83 80 77 21 46 69 70 71 8 97 64 59 24 53 81
41 60 84 68 17 19 33 62 45 90 58 42 15 43 44 98 32 67 61 63 85 87 40 22 31 65 26 83 80 77 21 46 69 70 71 8 97 64 59 24 53 81
41 60 84 68 17 19 33 62 45 90 58 42 15 43 44 98 32 67 61 63 85 87 40 22 31 65 26 83 80 77 21 46 69 70 71 8 97 64 59 24 53 81
41 60 84 68 17 19 33 62 45 90 58 42 15 43 44 98 32 67 61 63 85 87 40 22 31 65 26 83 80 77 21 46 69 70 71 8 97 64 59 24 53 81
41 60 84 68 17 19 33 62 45 90 58 42 15 43 44 98 32 67 61 63 85 87 40 22 31 65 26 83 80 77 21 46 69 70 71 8 97 64 59 24 53 81
41 60 84 68 17 19 33 62 45 90 58 42 15 43 44 98 32 67 61 63 85 87 40 22 31 65 26 83 80 77 21 46 69 70 71 8 97 64 59 24 53 81
41 60 84 68 17 19 33 62 45 90 58 42 15 43 44 98 32 67 61 63 85 87 40 22 31 65 26 83 80 77 21 46 69 70 71 8 97 64 59 24 53 81
41 60 84 68 17 19 33 62 45 90 58 42 15 43 44 98 32 67 61 63 85 87 40 22 31 65 26 83 80 77 21 46 69 70 71 8 97 64 59 24 53 81
41 60 84 68 17 19 33 62 45 90 58 42 15 43 44 98 32 67 61 63 85 87 40 22 31 65 26 83 80 77 21 46 69 70 71 8 97 64 59 24 53 81
41 60 84 68 17 19 33 62 45 90 58 42 15 43 44 98 32 67 61 63 85 87 40 22 31 65 26 83 80 77 21 46 69 70 71 8 97 64 59 24 53 81
41 60 84 68 17 19 33 62 45 90 58 42 15 43 44 98 32 67 61 63 85 87 40 22 31 65 26 83 80 77 21 46 69 70 71 8 97 64 59 24 53 81
41 60 84 68 17 19 33 62 45 90 58 42 15 43 44 98 32 67 61 63 85 87 40 22 31 65 26 83 80 77 21 46 69 70 71 8 97 64 59 24 53 81
41 60 84 68 17 19 33 62 45 90 58 42 15 43 44 98 32 67 61 63 85 87 40 22 31 65 26 83 80 77 21 46 69 70 71 8 97 64 59 24 53 81
41 60 84 68 17 19 33 62 45 90 58 42 15 43 44 98 32 67 61 63 85 87 40 22 31 65 26 83 80 77 21 46 69 70 71 8 97 64 59 24 53 81
41 60 84 68 17 19 33 62 45 90 58 42 15 43 44 98 32 67 61 63 85 87 40 22 31 65 26 83 80 77 21 46 69 70 71 8 97 64 59 24 53 81
41 60 84 68 17 19 33 62 45 90 58 42 15 43 44 98 32 67 61 63 85 87 40 22 31 65 26 83 80 77 21 46 69 70 71 8 97 64 59 24 53 81
41 60 84 68 17 19 33 62 45 90 58 42 15 43 44 98 32 67 61 63 85 87 40 22 31 65 26 83 80 77 21 46 69 70 71 8 97 64 59 24 53 81
41 60 84 68 17 19 33 62 45 90 58 42 15 43 44 98 32 67 61 63 85 87 40 22 31 65 26 83 80 77 21 46 69 70 71 8 97 64 59 24 53 81
41 60 84 68 17 19 33 62 45 90 58 42 15 43 44 98 32 67 61 63 85 87 40 22 31 65 26 83 80 77 21 46 69 70 71 8 97 64 59 24 53 81
41 60 84 68 17 19 33 62 45 90 58 42 15 43 44 98 32 67 61 63 85 87 40 22 31 65 26 83 80 77 21 46 69 70 71 8 97 64 59 24 53 81
41 60 84 68 17 19 33 62 45 90 58 42 15 43 44 98 32 67 61 63 85 87 40 22 31 65 26 83 80 77 21 46 69 70 71 8 97 64 59 24 53 81
41 60 84 68 17 19 33 62 45 90 58 42 15 43 44 98 32 67 61 63 85 87 40 22 31 65 26 83 80 77 21 46 69 70 71 8 97 64 59 24 53 81
41 60 84 68 17 19 33 62 45 90 58 42 15 43 44 98 32 67 61 63 85 87 40 22 31 65 26 83 80 77 21 46 69 70 71 8 97 64 59 24 53 81
41 60 84 68 17 19 33 62 45 90 58 42 15 43 44 98 32 67 61 63 85 87 40 22 31 65 26 83 80 77 21 46 69 70 71 8 97 64 59 24 53 81
41 60 84 68 17 19 33 62 45 90 58 42 15 43 44 98 32 67 61 63 85 87 40 22 31 65 26 83 80 77 21 46 69 70 71 8 97 64 59 24 53 81
41 60 84 68 17 19 33 62 45 90 58 42 15 43 44 98 32 67 61 63 85 87 40 22 31 65 26 83 80 77 21 46 69 70 71 8 97 64 59 24 53 81
41 60 84 68 17 19 33 62 45 90 58 42 15 43 44 98 32 67 61 63 85 87 40 22 31 65 26 83 80 77 21 46 69 70 71 8 97 64 59 24 53 81
41 60 84 68 17 19 33 62 45 90 58 42 15 43 44 98 32 67 61 63 85 87 40 22 31 65 26 83 80 77 21 46 69 70 71 8 97 64 59 24 53 81
41 60 84 68 17 19 33 62 45 90 58 42 15 43 44 98 32 67 61 63 85 87 40 22 31 65 26 83 80 77 21 46 69 70 71 8 97 64 59 24 53 81
41 60 84 68 17 19 33 62 45 90 58 42 15 43 44 98 32 67 61 63 85 87 40 22 31 65 26 83 80 77 21 46 69 70 71 8 97 64 59 24 53 81
41 60 84 68 17 19 33 62 45 90 58 42 15 43 44 98 32 67 61 63 85 87 40 22 31 65 26 83 80 77 21 46 69 70 71 8 97 64 59 24 53 81
41 60 84 68 17 19 33 62 45 90 58 42 15 43 44 98 32 67 61 63 85 87 40 22 31 65 26 83 80 77 21 46 69 70 71 8 97 64 59 24 53 81
41 60 84 68 17 19 33 62 45 90 58 42 15 43 44 98 32 67 61 63 85 87 40 22 31 65 26 83 80 77 21 46 69 70 71 8 97 64 59 24 53 81
41 60 84 68 17 19 33 62 45 90 58 42 15 43 44 98 32 67 61 63 85 87 40 22 31 65 26 83 80 77 21 46 69 70 71 8 97 64 59 24 53 81
60 41 39 2 50 13 1 96 6 42 32 29 67 63 87 10 65 23 99 77 36 3 69 5 72 78 97 64 54 74 59 38
41 92 60 84 39 68 14 100 17 50 62 73 96 58 15 43 44 98 12 29 61 63 89 76 85 75 49 47 86 87 91 11 82 93 26 59 23 83 80 77 3 79 52 69 70 7 66 28 8 64 97 54 20 48 56 74 24 88
60 84 2 17 33 50 45 51 96 90 98 32 29 75 63 49 86 94 57 23 77 72 7 66 78 28 64
84 14 16 17 33 2 62 1 58 6 42 44 15 12 63 89 85 49 86 87 82 91 22 34 27 31 94 26 99 23 80 77 21 46 3 69 5 72 7 25 97 54 56 74 24 88
92 41 84 68 17 33 58 6 42 44 67 29 63 75 76 40 81 34 31 65 83 77 46 3 79 70 95 20 48 56 74 88 38
92 41 60 84 39 14 16 2 100 50 62 73 13 42 44 43 12 29 75 89 55 85 49 11 22 34 10 27 65 23 80 83 77 36 46 52 72 18 25 28 97 54 9 74 59 24 53 81
60 17 19 16 50 62 100 73 1 96 33 58 6 44 43 98 12 29 61 75 55 85 47 40 11 34 27 65 23 99 21 46 79 70 7 66 28 48 30 88 38
60 84 16 100 1 90 58 44 29 61 75 89 86 22 26 99 83 77 79 69 5 70 37 66 97 88
84 14 100 33 1 96 6 43 32 29 55 87 34 10 93 94 65 23 83 35 3 79 69 72 97 95 48 59
60 92 68 100 19 17 16 62 45 73 96 90 6 32 67 76 4 49 87 40 83 77 21 46 3 79 7 25 66 64 56
41 60 92 84 39 68 14 17 100 33 50 1 42 43 98 12 29 61 63 89 75 4 47 86 40 91 11 22 34 27 94 65 26 80 35 3 7 25 37 66 28 64 97 9 48 74 30 24 53
92 39 2 100 19 33 62 13 1 44 98 12 29 61 75 63 76 85 89 87 40 11 22 34 10 57 26 52 18 37 66 8 97 20 54 95 64 56 71 24 74 88 38
39 14 16 2 33 73 51 96 90 42 15 12 67 63 4 49 86 47 40 82 11 22 10 27 21 69 70 72 97 20 95 54 59 53 88 81
84 39 68 2 14 50 62 13 51 73 45 42 15 43 98 75 89 76 87 40 82 93 27 31 65 26 99 23 83 21 35 46 52 69 5 70 37 7 18 28 64 20 54 48 30 59 24 56
92 84 68 16 17 13 51 42 44 32 29 75 89 49 86 87 40 82 11 91 34 93 27 94 65 26 83 77 46 70 72 25 71 97 20 74 59 24 56 53
41 60 33 6 44 43 98 32 67 76 86 93 27 31 94 65 57 59 80 21 35 46 69 7 66 95 74 30
41 39 16 17 50 73 1 6 44 43 67 63 75 76 85 47 91 34 93 94 23 83 77 46 36 52 79 18 7 37 70 25 66 28 97 54 48 24 53 88 81
41 14 50 45 51 96 42 44 55 76 4 49 91 82 93 31 94 57 80 77 21 3 52 70 7 71 66 9 56 59 81
60 92 41 14 100 45 51 90 6 15 98 32 12 29 75 85 4 86 40 22 34 94 26 23 77 79 5 37 7 71 78 97 30 59 53 88 38
92 39 14 17 19 50 38 42 98 12 29 55 89 4 47 40 11 34 31 23 21 46 79 52 69 18 70 66 78 54 24 81
68 14 100 2 33 62 38 58 90 42 67 61 55 75 4 86 40 22 57 26 99 83 77 18 7 70 37 66 8 97 20 54 30 59 24 88 81
84 39 68 14 100 19 2 16 62 13 51 43 75 89 76 49 86 22 99 23 36 79 5 18 37 28 30 71 53
39 100 96 90 98 61 75 76 85 49 87 91 11 93 94 26 83 80 46 3 79 70 25 71 20 54 48 30 59 88
17 19 45 51 73 96 58 6 67 63 49 47 40 11 22 65 23 80 46 3 52 37 25 78 66 95 20 74 30
41 92 84 14 16 19 17 100 62 51 96 90 6 42 15 12 29 61 63 89 47 40 91 34 27 31 94 83 77 46 3 79 5 18 72 25 66 28 64 20 9 48 56 71 24 74 88
92 39 100 19 16 33 73 1 51 6 42 98 12 29 61 75 86 91 34 27 57 77 35 46 72 37 7 18 54 30 81
92 41 39 2 17 19 16 50 100 51 6 44 12 32 67 63 89 75 4 49 47 86 82 10 27 31 94 99 83 80 21 3 52 69 5 70 37 66 28 8 95 48 56 59 24 30 88 38
60 41 84 2 17 14 45 73 1 15 43 44 98 67 61 47 86 87 91 11 34 10 93 26 77 21 35 36 3 79 52 70 72 7 18 25 78 8 97 20 74 59 53
84 68 14 100 19 13 51 1 58 29 61 63 55 49 40 93 94 57 26 83 80 35 18 37 25 7 78 8 95 97 20 56 71 24 81
60 17 19 50 45 96 44 63 75 55 4 11 10 93 57 80 83 79 69 7 37 64 9 74 30 24 53 38
2 17 19 13 51 1 6 42 15 12 32 67 63 75 4 86 40 82 34 80 77 52 5 70 37 25 7 48 30 59 24
92 60 84 14 100 16 17 50 73 1 96 90 58 42 43 67 55 75 76 49 47 87 82 91 22 34 10 93 31 80 21 35 36 3 52 18 7 25 37 66 8 97 54 9 48 74 30 53 88
39 68 17 50 45 73 13 58 6 42 98 4 49 11 94 65 57 80 77 69 18 7 66 28 54 48 30 38
60 39 2 14 19 50 62 45 51 90 58 42 15 98 12 29 55 87 82 11 94 80 83 77 21 36 46 79 52 5 8 64 30 71 56 88 81
41 60 92 84 39 68 100 17 50 62 96 58 42 44 43 98 67 29 61 89 4 47 86 91 11 22 34 31 65 57 23 99 83 36 69 5 72 7 78 66 28 64 20 54 74 30 53
92 41 17 19 100 51 90 58 15 98 12 29 61 63 75 55 85 4 49 86 47 87 82 11 34 10 31 26 99 23 80 83 79 52 69 5 70 37 66 78 97 20 54 95 48 71
92 84 14 16 62 1 90 98 12 63 86 47 40 91 10 93 27 94 65 57 26 80 83 77 35 3 52 5 37 66 78 97 20 54 9 56 71 74 88
60 92 84 17 33 50 45 73 51 13 6 42 44 15 43 32 29 67 89 85 86 87 91 81 34 93 27 31 23 99 21 36 18 37 25 71 66 95 54 9 56 59 53 88 38
92 41 68 16 19 50 51 44 98 55 63 76 49 47 40 91 34 94 23 80 21 46 18 66 78 95 20 74 56
92 2 100 14 33 62 45 73 1 96 15 44 12 29 89 49 22 34 10 94 57 80 83 36 79 5 70 66 28 95 20 48
84 50 45 51 1 58 6 44 15 32 29 67 89 76 87 91 82 10 65 57 26 99 83 21 35 46 79 52 18 7 8 95 64 9 74 56 24
60 39 17 100 16 50 13 1 45 73 6 98 32 67 55 75 49 47 86 22 93 27 31 94 57 80 21 46 79 69 5 72 37 64 95 48 74 71 56 53
60 39 68 14 2 17 33 50 16 13 45 1 42 98 12 29 55 63 49 86 82 11 91 34 10 94 57 77 36 46 79 69 18 7 70 25 78 66 8 95 20 54 9 74 59 24 30 53
41 60 68 14 16 73 45 96 90 58 44 43 12 67 61 55 91 11 34 99 23 80 83 77 46 3 52 18 72 37 7 66 64 54 48 56 24
2 17 100 33 62 51 90 44 29 63 89 76 55 4 47 82 22 27 21 35 46 52 79 69 72 25 71 66 8 64 56 74 24 53 88 38
92 41 16 17 33 13 1 6 55 89 4 57 80 83 77 36 46 70 37 18 78 74 53 88
92 84 68 17 19 16 50 100 45 1 96 90 6 42 15 43 12 29 61 63 49 47 86 22 65 57 26 83 36 5 72 37 18 71 25 54 48 30 59 24 38
84 14 17 19 33 50 73 51 45 1 58 6 42 15 43 12 24 89 75 4 49 47 86 87 10 27 31 57 26 23 80 21 52 69 5 18 37 7 72 71 25 78 70 28 97 20 48 56 59 74 81
41 39 14 100 19 58 43 75 85 87 40 82 91 10 27 57 26 23 21 5 18 37 71 64 97 54 48 74 59 30 81
60 39 14 16 50 73 51 1 58 42 44 15 29 61 75 63 76 86 47 40 82 11 34 93 27 31 94 65 57 23 99 35 36 3 46 69 7 37 66 78 8 95 64 54 20 9 30 71 24 74 53 81
41 84 14 100 17 62 13 1 73 51 38 6 42 44 43 12 67 61 55 63 76 85 24 4 49 11 22 34 10 31 65 57 26 99 23 77 35 36 79 5 18 37 70 7 78 97 64 48 74 71 30 53 81
39 14 2 33 50 58 42 15 43 44 67 61 75 89 63 49 86 87 40 11 93 57 21 36 79 37 7 71 25 66 28 95 48 56 74 24 88
41 84 14 2 13 1 51 90 58 42 44 75 89 85 49 91 11 22 10 93 27 99 80 35 36 3 46 69 72 7 25 78 8 20 54 48 30 56 88
41 92 14 16 50 62 13 96 15 12 67 4 40 11 34 93 99 80 46 3 79 69 70 25 64 54 81
60 41 19 33 1 96 51 90 43 12 67 61 89 85 4 82 11 31 65 26 99 80 35 79 72 37 7 18 28 97 48 56 88 81
39 14 19 33 1 96 58 15 98 12 67 63 85 49 91 22 93 26 23 99 80 77 36 3 46 5 18 37 25 66 95 54 30 59 24 88
41 60 84 39 68 100 62 13 90 6 43 67 61 63 85 91 11 22 34 10 31 94 65 57 99 83 80 77 21 35 72 37 66 78 8 97 20 64 9 48 56 71 24 53 88 81
84 100 33 50 62 51 96 58 29 67 75 89 87 11 27 31 57 77 21 46 52 69 5 70 72 25 66 56 24 88
2 14 19 62 73 45 58 42 15 43 98 12 67 29 55 89 75 85 47 82 11 22 23 99 46 79 5 7 78 66 8 97 48 38
92 60 84 39 68 17 19 50 62 45 1 13 51 90 44 43 98 12 67 61 75 89 4 47 82 11 93 27 65 26 80 77 36 69 5 70 72 7 78 28 64 9 48 59 24 53 38
41 60 84 17 100 33 19 62 50 13 73 1 45 58 44 43 98 12 67 29 75 55 4 49 47 40 82 11 10 94 23 99 35 3 79 52 18 72 37 7 16 28 97 54 9 71 88 81
92 60 84 2 16 19 33 50 73 51 42 43 98 32 29 67 61 55 89 76 4 49 87 91 22 81 34 93 27 31 83 77 35 3 79 52 5 72 37 25 78 97 20 64 59 24 38
41 84 14 17 19 16 62 13 51 96 1 42 98 32 67 75 89 85 40 22 34 57 99 23 83 77 3 79 69 70 25 78 66 8 9 48 74 71 81
14 73 1 90 6 42 32 29 63 89 85 49 86 47 87 91 11 82 34 31 65 23 83 80 77 21 72 37 78 28 97 20 71 24 81
60 84 39 68 33 62 13 1 44 15 98 75 63 76 85 4 82 10 27 65 23 99 21 36 46 3 28 8 74 56 53 81
92 84 2 14 19 62 1 96 12 29 61 76 4 47 82 11 22 91 65 23 77 21 70 72 28 20 54 74 30
60 84 39 2 38 42 44 32 12 61 55 75 76 85 87 91 82 22 34 27 65 57 23 83 36 3 52 69 5 70 25 66 78 28 95 20 9 71 88 81
84 39 68 16 19 33 50 45 51 90 43 55 76 85 86 91 11 82 22 34 93 94 65 57 99 23 21 35 36 3 46 79 52 18 70 25 72 66 78 64 97 20 48 71 24 53 88 81
41 62 45 1 38 90 15 44 98 32 63 89 76 49 91 11 22 10 93 31 57 26 21 5 72 7 18 78 66 54 48 30 88 81
92 60 16 17 50 73 13 90 6 15 43 44 32 29 67 75 55 49 47 40 34 10 27 31 65 26 80 77 35 36 79 52 69 5 20 54 30 71 24 88
84 39 68 2 100 50 13 1 96 45 90 58 6 15 29 63 4 49 47 91 22 34 10 93 26 83 77 21 35 3 72 70 25 37 78 66 28 8 64 20 54 9 30 59 24 88 38
92 60 84 68 2 100 17 62 96 58 6 44 15 98 12 67 61 63 55 76 4 49 86 40 82 22 21 35 36 3 52 69 70 7 66 28 8 64 71
60 14 45 51 90 58 75 89 76 85 86 87 91 11 27 31 94 23 77 5 70 37 25 78 66 20 48 30 71
41 60 92 16 19 33 62 58 42 15 98 29 4 49 86 47 40 91 22 10 93 94 23 99 46 79 70 25 28 8 95 97 20 54 30 24 81
92 60 41 84 16 19 13 1 73 90 6 44 15 98 12 63 55 47 91 22 34 27 31 65 57 23 77 36 69 5 72 70 78 28 64 95 54 97 24 38
2 17 100 33 1 96 58 6 42 15 43 32 12 75 4 40 82 91 21 46 79 52 72 18 25 78 28 8 95 24 53
92 2 14 50 73 51 96 45 42 44 43 98 12 32 67 75 63 4 47 86 87 22 34 26 59 99 23 77 21 35 46 52 69 5 72 37 7 25 70 64 20 74 30 81
92 39 2 17 50 96 90 58 6 42 44 43 75 89 76 85 4 49 40 82 91 22 34 93 65 99 23 46 52 5 70 7 37 18 78 66 64 20 97 30 71 24
84 39 14 17 16 51 90 58 6 44 98 32 75 85 47 82 11 91 93 27 65 99 23 83 3 79 70 7 28 8 97 54 56 24 88
41 39 68 100 17 62 45 90 58 42 15 32 12 29 67 61 63 75 4 47 40 82 34 93 94 65 57 99 52 69 5 70 7 37 71 78 28 64 95 54 48 74 30 56 53 88 38
41 39 14 17 19 33 2 62 73 51 13 6 42 15 32 29 75 89 76 4 86 87 82 11 22 27 57 26 80 35 36 3 52 46 69 72 18 25 54 9 56 59 24 88
60 92 17 16 50 45 51 96 58 61 86 87 82 10 27 94 57 26 23 99 80 21 35 46 79 18 72 95 20 9 30 81
41 84 39 16 17 73 51 58 42 44 43 15 61 76 85 4 49 40 22 10 31 57 80 3 5 66 54 56 30
92 60 2 100 19 17 16 13 96 42 15 32 29 55 89 76 4 22 34 31 94 65 23 99 36 46 52 79 70 37 78 66 28 8 9 48 59 24 88
41 92 14 17 100 33 1 58 6 44 15 43 12 67 47 87 11 22 10 93 27 31 26 23 80 83 21 35 36 3 69 18 37 72 78 28 64 71 88
60 92 84 14 16 100 19 17 33 13 1 45 42 15 98 67 29 55 75 76 85 49 87 40 91 11 27 31 65 23 83 21 35 3 52 18 37 72 25 78 28 8 95 64 97 54 20 59 53 88 38
68 14 17 19 33 50 100 13 51 43 67 29 61 55 89 76 49 86 47 11 22 34 27 65 35 46 36 52 70 66 28 97 95 20 9 74 30 88 81
41 84 68 14 100 19 62 1 90 98 12 61 55 75 89 85 49 47 86 40 91 81 93 23 83 46 36 5 70 7 37 66 28 8 64 54 48 56 38
60 39 17 19 33 73 13 90 6 43 98 12 61 55 76 86 91 22 93 26 23 83 35 46 3 5 7 25 28 97 54 30 71 24 88 38
84 2 100 17 14 62 1 90 42 15 44 98 12 32 67 55 89 76 85 75 4 49 86 40 82 91 34 27 31 59 80 46 36 52 70 37 25 66 78 8 20 54 48 56 30 24 88 81
60 17 33 73 1 45 90 58 6 15 43 44 98 32 12 67 63 85 4 49 40 91 11 82 31 94 23 99 83 36 46 69 5 70 7 25 78 66 28 8 64 95 54 97 48 56 59 30 38
92 60 84 2 73 51 90 38 32 12 11 34 65 57 99 77 35 79 69 5 72 78 95 74 56 88 81
41 92 60 84 33 73 1 96 6 15 32 12 67 75 85 49 47 40 11 65 26 23 80 83 5 18 37 25 72 8 20 9 53 88 38
41 92 50 13 96 90 58 44 98 32 67 55 89 85 4 86 11 22 27 94 83 77 21 46 79 69 72 78 28 8 97 20 95 74 56 53 88 38
92 84 39 14 16 33 50 45 51 58 6 15 43 29 61 55 75 85 4 91 11 10 27 94 57 99 35 46 79 72 7 18 78 8 48 74 71 56 88
41 60 92 39 62 58 6 43 98 76 86 47 82 91 22 27 31 99 80 77 36 46 72 18 25 7 70 64 97 9 71
92 60 84 39 2 17 45 51 15 43 98 32 55 63 76 85 47 11 22 34 10 93 27 31 94 65 57 52 69 5 70 37 25 72 18 66 8 64 54 9 48 56 71 30 53
41 68 2 100 33 50 13 1 96 38 6 42 15 44 67 29 61 63 76 85 4 49 86 47 91 11 22 82 10 94 59 99 80 21 35 36 3 46 69 18 7 70 72 66 28 8 95 97 30 56 88 81
84 68 100 33 50 62 13 51 45 73 6 42 15 43 98 32 67 61 75 49 86 22 10 27 31 94 35 69 70 37 59 88
92 60 68 2 16 51 96 6 42 43 75 89 76 55 47 86 87 91 11 82 10 31 94 23 80 83 35 3 5 72 7 78 20 9 30 24 81
41 84 39 68 14 19 50 51 96 1 44 43 98 32 55 89 75 85 47 86 40 91 81 34 93 31 57 26 23 83 77 36 46 5 70 18 25 28 8 95 20 9 74 30 38
60 41 84 39 68 14 33 50 62 73 1 90 6 42 44 43 98 12 32 29 61 63 55 76 49 47 87 40 82 91 22 34 93 94 65 26 23 80 83 77 3 52 70 18 72 64 20 48 74 71 88
60 84 39 2 17 100 33 73 51 1 6 15 44 29 63 49 86 47 10 31 94 65 57 23 83 21 36 70 7 25 78 66 95 20 56 24 53 81
60 92 39 14 16 19 17 50 13 45 96 58 15 98 67 61 76 85 86 47 11 81 93 31 57 83 80 21 35 79 52 72 37 66 28 95 20 64 97 56 38
41 39 68 2 16 19 33 1 90 15 12 32 29 55 85 4 47 80 77 46 79 72 7 25 70 9 30 59
60 68 2 17 33 13 96 58 42 44 43 29 67 61 63 55 76 85 89 49 86 47 87 40 91 81 10 93 94 57 99 35 46 18 7 37 25 70 78 28 97 20 53 38
14 19 50 62 51 90 98 75 76 49 86 91 11 22 93 27 31 94 57 99 18 37 70 71 97 64 9 59 53 88 81
19 62 13 1 96 15 43 12 61 47 40 91 34 94 65 80 77 18 70 37 28 8 95 64 9 48 30 53 38
92 60 84 39 33 62 96 42 44 98 12 55 89 75 85 49 47 82 11 22 27 26 99 21 36 46 52 79 18 37 66 8 97 20 48 59
92 60 68 2 17 33 50 62 45 51 1 13 58 6 42 12 55 63 85 82 22 94 26 59 99 23 77 21 36 79 69 5 70 18 7 97 54 48 74 71 24 30 53 88 81
84 14 17 16 2 45 51 90 6 42 44 15 98 61 63 89 85 86 87 10 27 26 59 80 77 35 36 79 52 18 7 25 70 28 95 20 9 48 30 56 24 53 88
92 68 14 17 16 90 58 32 67 89 85 86 87 10 93 27 94 21 35 3 79 7 78 66 54 9 56 24 88 81
92 41 68 16 100 33 50 19 45 96 6 44 43 61 75 89 55 85 22 10 31 94 65 26 59 23 83 80 46 3 52 25 78 66 28 8 20 9 56 71 53 88 38
41 84 2 17 45 73 51 43 63 4 47 87 40 11 27 59 99 77 21 46 52 72 25 28 97 95 9 74 71 53 88
92 84 2 16 19 100 45 1 51 90 43 67 29 63 76 85 86 34 93 65 57 99 23 3 72 25 8 64 97 20 48 74 71 53
41 2 14 73 1 45 96 90 58 6 13 42 44 15 43 12 29 67 55 76 85 47 87 40 82 93 27 31 94 23 77 35 79 72 37 78 66 28 54 9 74 24 53 88
92 68 19 33 51 96 58 42 15 44 98 32 67 63 55 89 85 47 86 87 40 82 34 31 57 99 35 3 79 52 72 25 8 97 64 48 30 24
84 2 100 50 13 51 73 90 15 12 67 29 89 85 4 87 91 81 10 27 31 26 23 36 3 52 69 18 37 25 7 72 66 28 8 95 97 9 30 88 38
41 60 100 33 62 13 90 58 43 32 29 67 63 55 40 91 22 34 31 94 65 57 99 21 3 79 69 7 25 8 64 71 24 88 81
92 39 68 2 16 62 45 51 13 42 32 12 29 55 89 85 49 47 87 82 91 22 10 99 35 46 3 52 69 72 37 25 78 97 56 71 74
60 92 84 16 17 50 73 90 75 85 86 87 40 82 11 22 31 94 57 99 83 69 5 18 37 78 97 54 74 59 56
60 39 17 50 73 96 6 42 15 43 32 61 55 85 87 40 82 34 93 27 94 57 80 83 35 36 3 5 72 78 66 64 95 54 56 24
39 14 17 33 13 90 98 67 76 49 47 22 34 93 31 26 99 83 79 37 25 78 54 56 71 24 88
60 41 14 16 100 33 50 62 73 51 96 45 90 6 42 43 32 29 67 55 76 85 47 82 11 22 10 27 94 57 26 83 77 21 35 46 36 69 5 70 37 25 18 78 66 95 20 64 48 74 71 24 30
41 68 2 100 17 33 19 62 16 73 1 96 45 90 58 42 15 44 32 75 76 4 86 81 34 10 93 27 57 23 83 21 3 79 18 72 25 78 8 64 97 54 9 48 56 24 88 38
92 41 39 14 16 33 62 13 38 43 12 32 67 29 61 55 89 76 85 49 86 47 87 40 91 11 22 34 10 93 31 99 77 3 79 72 7 70 8 30 74 56 53 88 81
60 68 100 50 96 6 15 98 67 29 61 55 87 82 10 65 26 83 21 72 70 25 7 54 9 71 88 81
92 14 33 50 73 13 90 58 43 12 67 63 89 76 4 91 93 27 31 65 80 83 36 46 52 79 7 66 95 20 64 9 59 24 88 81
68 19 33 50 45 43 67 76 49 40 11 27 94 65 23 21 36 46 79 69 37 78 8 97 54 74
92 39 14 100 19 33 45 73 44 43 98 29 63 89 24 4 47 87 34 27 31 65 26 23 99 80 21 46 3 5 70 7 37 66 78 28 8 97 64 54 56 71 74 53 88 38
60 84 39 2 16 14 33 17 73 13 90 15 43 98 12 32 61 63 75 89 85 91 82 10 31 65 57 23 99 83 80 36 46 79 5 70 7 28 20 54 56 30 74 81
39 14 2 19 33 1 96 38 58 42 15 67 61 63 91 82 22 65 57 26 99 46 79 18 37 8 48 74 71 24 81
41 39 100 16 19 62 13 51 96 58 15 75 89 55 63 4 47 86 40 82 11 10 27 31 65 57 59 77 5 72 37 70 7 78 28 8 95 64 48 74 71 24 30 88
60 2 16 14 13 1 51 90 38 6 15 43 67 63 75 76 49 47 40 11 10 31 94 65 83 35 79 5 72 70 37 66 8 97 64 54 59 53 88 81
41 60 84 39 68 19 33 50 62 45 1 96 51 90 58 44 32 61 55 24 85 4 49 86 91 22 31 94 57 59 99 23 83 3 79 72 37 7 78 8 95 97 54 64 30 71 74 53
60 39 2 14 19 50 73 1 13 96 6 44 15 32 29 55 82 11 81 23 69 37 95 20 54 9 24 38
41 68 2 17 100 62 13 1 73 51 90 42 43 98 12 67 61 76 49 47 87 40 22 34 93 31 65 23 83 80 77 35 3 79 52 69 5 18 7 25 70 37 78 95 97 20 9 48 30 71 56 53
60 68 2 14 100 33 62 73 96 90 6 42 44 43 98 61 55 75 63 4 49 47 91 82 22 10 57 26 80 77 46 3 79 52 36 5 70 37 7 18 72 8 97 95 54 9 48 30 71 88 81
41 60 92 17 50 62 45 1 73 90 6 42 43 98 32 67 29 75 24 76 85 4 49 86 87 22 65 23 80 83 77 21 52 5 72 37 70 25 78 28 8 95 20 54 9 48 74 71 56 53 38
60 41 39 68 16 19 62 13 45 73 42 44 29 63 76 4 47 82 11 22 10 93 27 65 57 23 35 79 7 25 66 28 8 97 95 20 54 48 74 59 24 88 81
60 41 84 68 100 17 33 73 45 96 90 6 15 98 12 32 29 67 61 47 40 82 91 34 10 93 31 65 99 83 21 35 36 46 5 18 97 54 9 48 56 59 53
41 84 100 16 33 50 96 90 58 44 43 12 32 67 63 75 76 89 4 47 86 34 93 31 65 21 52 69 5 72 70 28 64 97 9 53 88 81
41 92 60 68 16 19 33 73 1 51 90 43 12 67 85 86 11 93 31 26 80 21 18 25 28 20 48 30 59 81
41 39 2 16 19 14 33 13 1 51 45 38 58 90 42 15 44 98 32 67 29 75 89 76 85 4 10 93 65 80 36 69 5 18 7 28 97 54 9 81
60 41 2 33 62 1 58 6 15 98 67 61 63 76 85 4 91 11 22 10 93 31 57 23 77 79 70 18 25 66 20 9 74 24 88
84 39 2 100 17 33 45 1 96 90 6 15 44 12 67 61 55 75 76 85 49 47 86 87 11 34 26 23 99 83 21 35 36 3 46 69 72 7 37 70 28 20 54 56 59 30 53 88
60 92 84 14 100 17 16 19 62 13 1 45 51 90 38 73 67 29 61 55 89 75 85 91 22 94 65 57 26 23 80 77 21 35 79 69 70 37 66 28 97 20 9 48 56 71 81
